 2455197.5      0.000000000000000000     ( 2010  1  1    0h  0m  0.000000s)
     1   13617.68569449999632       0.000000000000000000       0.000000000000000000    
         0.000000000000000000       2.953765463124057966       6.787039799532109008    
 -0.1760171925938024129     -0.9843865818035654192      0.1002734505629329122E-02
  0.9843870788319664111     -0.1760172686724336966      0.1256041351215987402E-04
  0.1641342863611954417E-03  0.9892897395647006799E-03  0.9999994971827472767    
Прогнозируемая угловая ошибка:          0.00"

 2455197.5      3436.000000000000000     ( 2010  1  1    0h 57m 15.999991s)
     1   4777.410747735920268       8292.956682798794645       19052.99452073380235    
        -3.853995807011061814       1.729479823336183220       3.972711014501782767    
 -0.4145933887109182203     -0.9100062178425367687      0.1002758754304980534E-02
  0.9100066804544452159     -0.4145935857848613848      0.1242305286216882977E-04
  0.4044322922754049212E-03  0.9176676808859240801E-03  0.9999994971601476879    
Прогнозируемая угловая ошибка:          0.00"

 2455197.5      6872.000000000000000     ( 2010  1  1    1h 54m 31.999982s)
     1  -8656.981237700858401       12722.92232453977704       29227.55751449328454    
        -3.816297516265614309      0.9623444127489680922       2.209962038238253434    
 -0.6272777705045546881     -0.7787949620958671826      0.1002818494337110030E-02
  0.7787953613639221340     -0.6272780762684073697      0.1228998796221773090E-04
  0.6194746752649472150E-03  0.7886996279281795240E-03  0.9999994971018855150    
Прогнозируемая угловая ошибка:          0.00"

 2455197.5      10308.00000000000000     ( 2010  1  1    2h 51m 48.000013s)
     1  -21168.21142372586837       15367.71521535038664       35300.50848213195422    
        -3.465291668650143819      0.6155529558413974645       1.413254828512184424    
 -0.8007879655501315419     -0.5989470998329781137      0.1002911634028823794E-02
  0.5989474107827476024     -0.8007883609097574684      0.1216989745033549366E-04
  0.7958308387681076786E-03  0.6104368338656902641E-03  0.9999994970099475022    
Прогнозируемая угловая ошибка:          0.00"

 2455197.5      13744.00000000000000     ( 2010  1  1    3h 49m  4.000004s)
     1  -32519.26433527945846       17123.37202104194148       39330.89562464358460    
        -3.151340203155189812      0.4224606595228428962      0.9696989358765489841    
 -0.9242880667865666089     -0.3816943325735262516      0.1003033998354648263E-02
  0.3816945357434952113     -0.9242885270508639506      0.1207068162967870851E-04
  0.9224855061528325524E-03  0.3940093833251546735E-03  0.9999994968884218238    
Прогнозируемая угловая ошибка:          0.00"

 2455197.5      17180.00000000000000     ( 2010  1  1    4h 46m 19.999995s)
     1  -42886.62591661269107       18349.20436799211166       42144.25793359016097    
        -2.891402503933913959      0.2991952426358380213      0.6865651339413043619    
 -0.9900653589878134486     -0.1406043333722450106      0.1003179584276221248E-02
  0.1406044160296675005     -0.9900658554101243736      0.1199897086986981211E-04
  0.9915267459360973482E-03  0.1529312450218134160E-03  0.9999994967432463966    
Прогнозируемая угловая ошибка:          0.00"

 2455197.5      20616.00000000000000     ( 2010  1  1    5h 43m 35.999986s)
     1  -52438.26465274354268       19221.67805559922635       44145.99909118071082    
        -2.674558371543678259      0.2133182497846734249      0.4893225234048694250    
 -0.9940119777220102204      0.1092665614548049835      0.1003340929880638336E-02
 -0.1092666045181482359     -0.9940124792949234234      0.1195971198286753335E-04
  0.9986402018930693944E-03 -0.9774355962120369573E-04  0.9999994965818450599    
Прогнозируемая угловая ошибка:          0.00"

 2455197.5      24052.00000000000000     ( 2010  1  1    6h 40m 52.000017s)
     1  -61303.35571839773183       19840.51262645321549       45565.19595229895640    
        -2.490261242964794786      0.1498221155377412461      0.3434921173764416968    
 -0.9358814512663594654      0.3523136417229771888      0.1003509574650062646E-02
 -0.3523138078648454519     -0.9358819266578609630      0.1195585833825361058E-04
  0.9433786861342283517E-03 -0.3423610134209405850E-03  0.9999994964126688313    
Прогнозируемая угловая ошибка:          0.00"

 2455197.5      27488.00000000000000     ( 2010  1  1    7h 38m  8.000008s)
     1  -69579.62474656988343       20267.74066397469869       46544.34395199485152    
        -2.330733786486853365      0.1008232902970430389      0.2309628738126622283    
 -0.8193040964593009123      0.5733583435848182974      0.1003676582444377238E-02
 -0.5733586224767930339     -0.8193045159693662649      0.1198818313292483468E-04
  0.8291902813930963727E-03 -0.5656446551725667193E-03  0.9999994962446736579    
Прогнозируемая угловая ошибка:          0.00"

 2455197.5      30924.00000000000000     ( 2010  1  1    8h 35m 23.999999s)
     1  -77342.11246882968408       20544.70975361515957       47178.41935754136648    
        -2.190425529043042996      0.6177999682491829708E-01  0.1413012952635784303    
 -0.6515602973477648829      0.7585961845667363868      0.1003833094887722878E-02
 -0.7585965588385151781     -0.6515606347632081352      0.1205522759747333583E-04
  0.6632031781609453195E-03 -0.7536496237519891943E-03  0.9999994960867675253    
Прогнозируемая угловая ошибка:          0.00"

 2455197.5      34360.00000000000000     ( 2010  1  1    9h 32m 39.999990s)
     1  -84649.62023879108892       20700.44654006816927       47534.09487333189463    
        -2.065336404724257502      0.2988701585455431908E-01  0.6806336788660291570E-01
 -0.4431258391701410337      0.8964588572278310297      0.1003970880838950903E-02
 -0.8964593035513235275     -0.4431260734018826475      0.1215338758834737313E-04
  0.4557806861849571386E-03 -0.8946335565488156439E-03  0.9999994959472554568    
Прогнозируемая угловая ошибка:          0.00"

 2455197.5      37796.00000000000000     ( 2010  1  1   10h 29m 55.999981s)
     1  -91549.14038604403322       20756.16624699605018       47660.09942858415889    
        -1.952526355730114904      0.3315163112698060830E-02  0.7047297636547962020E-02
 -0.2070176836951315158      0.9783366856328843397      0.1004082847879108828E-02
 -0.9783371761784595000     -0.2070178000956197084      0.1227713342161800006E-04
  0.2198741923024303028E-03 -0.9797899943199189429E-03  0.9999994958333263684    
Прогнозируемая угловая ошибка:          0.00"

 2455197.5      41232.00000000000000     ( 2010  1  1   11h 27m 12.000013s)
     1  -98078.89768624688440       20727.88255337972441       47593.21369859495462    
        -1.849788256192096858     -0.1918116579834020299E-01 -0.4460810460584278131E-01
  0.4201895732672630140E-01  0.9991163089855314983      0.1004163484007147269E-02
 -0.9991168131595006274      0.4201896604824062464E-01  0.1241934953668318115E-04
 -0.2978553667213415195E-04 -0.1003798468150576221E-02  0.9999994957506015414    
Прогнозируемая угловая ошибка:          0.00"

 2455197.5      44668.00000000000000     ( 2010  1  1   12h 24m 28.000004s)
     1  -104270.4708413765766       20628.00562641196666       47361.94107771472045    
        -1.755431602722343776     -0.3848077332605727430E-01 -0.8892142789702216221E-01
  0.2884314652332862217      0.9575000164111009404      0.1004209202018908377E-02
 -0.9575005027659626577      0.2884315985548036587      0.1257177311197252769E-04
 -0.2776081924607260560E-03 -0.9651569107545781992E-03  0.9999994957027874554    
Прогнозируемая угловая ошибка:          0.00"

 2455197.5      48104.00000000000000     ( 2010  1  1   13h 21m 43.999995s)
     1  -110150.3025368875096       20466.36652765510371       46988.86087239716289    
        -1.668137665530283975     -0.5522222197536119648E-01 -0.1273594054712212376    
  0.5168311100417548598      0.8560867918839077939      0.1004218565051230279E-02
 -0.8560872300820773217      0.5168313596604389160      0.1272550460509736225E-04
 -0.5081175099591973615E-03 -0.8662756264226022761E-03  0.9999994956914404209    
Прогнозируемая угловая ошибка:          0.00"

 2455197.5      51540.00000000000000     ( 2010  1  1   14h 18m 59.999986s)
     1  -115740.7965573477559       20250.89937025094332       46492.19527177760028    
        -1.586860651958821089     -0.6988120185926686989E-01 -0.1610146432748445211    
  0.7129540820641284693      0.7012100031130205080      0.1004192379077485219E-02
 -0.7012103658214147162      0.7129544324141066092      0.1287155863855323007E-04
 -0.7069177419867357735E-03 -0.7133269357618994121E-03  0.9999994957158673259    
Прогнозируемая угловая ошибка:          0.00"

 2455197.5      54976.00000000000000     ( 2010  1  1   15h 16m 16.000017s)
     1  -121061.1304611756786       19988.11037743695488       45886.88679297925410    
        -1.510758893018626425     -0.8281969451799951754E-01 -0.1907185567640990176    
  0.8645522868963766427      0.5025418738153724085      0.1004133646404490633E-02
 -0.5025421384125342561      0.8645527161201451705      0.1300142113403102211E-04
 -0.8615927128076168598E-03 -0.5158598782905083778E-03  0.9999994957731644929    
Прогнозируемая угловая ошибка:          0.00"

 2455197.5      58412.00000000000000     ( 2010  1  1   16h 13m 32.000008s)
     1  -126127.8683600430813       19683.40937367401057       45185.35971576548764    
        -1.439145981550787434     -0.9431826610335510008E-01 -0.2171155519692083979    
  0.9621582459402445719      0.2724894523794358925      0.1004047382819204821E-02
 -0.2724896023685797752      0.9621587272530474078      0.1310757812889675542E-04
 -0.9624812751686868300E-03 -0.2862040364847450477E-03  0.9999994958583950933    
Прогнозируемая угловая ошибка:          0.00"

 2455197.5      61848.00000000000000     ( 2010  1  1   17h 10m 47.999999s)
     1  -130955.4304996502178       19341.34967084373420       44398.07109201572894    
        -1.371455429935221071     -0.1045978946978991520     -0.2407131644806727311    
  0.9996763614768520156      0.2541976412669630717E-01  0.1003940309489790607E-02
 -0.2541979016640001296E-01  0.9996768648388731915      0.1318398343043599044E-04
 -0.1003280767327069996E-02 -0.3869966859232473657E-04  0.9999994959648917936    
Прогнозируемая угловая ошибка:          0.00"

 2455197.5      65284.00000000000000     ( 2010  1  1   18h  8m  3.999990s)
     1  -135556.4584085630486       18965.80529217900403       43533.91781631107006    
        -1.307214665688577915     -0.1138350965894996403     -0.2619168051125420060    
  0.9747635858199511505     -0.2232374164515381620      0.1003820438539943611E-02
  0.2232375159633821771      0.9747640798119099337      0.1322643596077942798E-04
 -0.9814407414624999951E-03  0.2111977330282795867E-03  0.9999994960846675385    
Прогнозируемая угловая ошибка:          0.00"

 2455197.5      68720.00000000000000     ( 2010  1  1   19h  5m 19.999981s)
     1  -139942.1026228318806       18560.10431031409462       42600.54288955489756    
        -1.246025594732686370     -0.1221726416229367840     -0.2810543731524419719    
  0.8889757492848650022     -0.4579531742182736398      0.1003696577822069157E-02
  0.4579533930437535982      0.8889762030699160933      0.1323284324584708528E-04
 -0.8983223953549787991E-03  0.4478825766602226440E-03  0.9999994962089090444    
Прогнозируемая угловая ошибка:          0.00"

 2455197.5      72156.00000000000000     ( 2010  1  1   20h  2m 36.000012s)
     1  -144122.2521360941173       18127.13080361067477       41604.56959897164779    
        -1.187549862819321511     -0.1297272932464909045     -0.2983940350771456806    
  0.7476703949211391809     -0.6640692534593785057      0.1003577785484091687E-02
  0.6640695779094358819      0.7476707801705608780      0.1320335449534201017E-04
 -0.7591137275975928063E-03  0.6565737191359169705E-03  0.9999994963285229188    
Прогнозируемая угловая ошибка:          0.00"

 2455197.5      75592.00000000000000     ( 2010  1  1   20h 59m 52.000003s)
     1  -148105.7193772281462       17669.40395325427016       40551.78319127538271    
        -1.131497530910146043     -0.1365954975028254303     -0.3141572918754486077    
  0.5596722012292388859     -0.8287134729286964596      0.1003472808098066155E-02
  0.8287138827173230471      0.5596724938916598502      0.1314035479763001616E-04
 -0.5725057181205487657E-03  0.8242375557056953435E-03  0.9999994964347005411    
Прогнозируемая угловая ошибка:          0.00"

 2455197.5      79028.00000000000000     ( 2010  1  1   21h 57m  7.999994s)
     1  -151900.3908150608186       17189.14021121995756       39447.27366070730932    
        -1.077618267549465880     -0.1428576303003495640     -0.3285287346986368040    
  0.3367218613810238348     -0.9416036221667456463      0.1003389537168769465E-02
  0.9416040916772140390      0.3367220431846864592      0.1304832054963083962E-04
 -0.3501497209583436009E-03  0.9404020389608469315E-03  0.9999994965194622942    
Прогнозируемая угловая ошибка:          0.00"

 2455197.5      82464.00000000000000     ( 2010  1  1   22h 54m 23.999985s)
     1  -155513.3506842798961       16688.30274270493101       38295.54930767762562    
        -1.025694421909582710     -0.1485812133421749170     -0.3416634315140165135    
  0.9274286996276943917E-01 -0.9956895868647588355      0.1003334517808076622E-02
  0.9956900867488380769      0.9274292955700134955E-01  0.1293354486053626293E-04
 -0.1059299784460429323E-03  0.9978107390052706228E-03  0.9999994965761578314    
Прогнозируемая угловая ошибка:          0.00"

 2455197.5      85900.00000000000000     ( 2010  1  1   23h 51m 40.000016s)
     1  -158950.9834655744489       16168.64117315608382       37100.62802819006174    
       -0.9755355195031435445     -0.1538233804624337397     -0.3536925919603281510    
 -0.1570280188570736812     -0.9875936384251214895      0.1003312540132952815E-02
  0.9875941374354362257     -0.1570280851924933108      0.1280374974498486039E-04
  0.1449033452305852131E-03  0.9928761301071524405E-03  0.9999994965998788565    
Прогнозируемая угловая ошибка:          0.00"

 2455197.5      89336.00000000000000     ( 2010  1  2    0h 48m 56.000007s)
     1  -162219.0594047594932       15631.72385762268459       35866.11142810215097    
       -0.9269738464305776748     -0.1586327912130445494     -0.3647279625624606503    
 -0.3969923318147777769     -0.9178213779469963640      0.1003326338894480751E-02
  0.9178218448881325653     -0.3969925199366813873      0.1266760898927584131E-04
  0.3866864492587207915E-03  0.9259037750201642037E-03  0.9999994965877680997    
Прогнозируемая угловая ошибка:          0.01"

 2455197.5      92772.00000000000000     ( 2010  1  2    1h 46m 11.999998s)
     1  -165322.8063660907210       15078.96431825480977       34595.24554257900309    
       -0.8798608753270590332     -0.1630511314272006518     -0.3748652732597236859    
 -0.6121640358639975910     -0.7907301603141628776      0.1003376420159120220E-02
  0.7907305659906818107     -0.6121643340239200093      0.1253421112417818387E-04
  0.6043200792504394231E-03  0.8010733978822268597E-03  0.9999994965391997281    
Прогнозируемая угловая ошибка:          0.01"

 2455197.5      96208.00000000000000     ( 2010  1  2    2h 43m 27.999989s)
     1  -168266.9705798458599       14511.64308696850640       33290.97100208086340    
       -0.8340643485225577303     -0.1671143013942809341     -0.3841869664054891609    
 -0.7891054208045342744     -0.6142569722216165706      0.1003461026020675178E-02
  0.6142572912613328828     -0.7891058103817384373      0.1241249576193127750E-04
  0.7842124640601201438E-03  0.6261780194212025145E-03  0.9999994964558228672    
Прогнозируемая угловая ошибка:          0.01"

 2455197.5      99644.00000000000000     ( 2010  1  2    3h 40m 43.999980s)
     1  -171055.8682919168205       13930.92589397747543       31955.96480557858740    
       -0.7894658790203546994     -0.1708533650993502018     -0.3927643769584813760    
 -0.9167663020239666949     -0.3994227588758956227      0.1003576239764171355E-02
  0.3994229713145519556     -0.9167667586876723229      0.1231069821034297868E-04
  0.9151281633816821769E-03  0.4121374369009565223E-03  0.9999994963414620130    
Прогнозируемая угловая ошибка:          0.01"

 2455197.5      103080.0000000000000     ( 2010  1  2    4h 38m  0.000012s)
     1  -173693.4299037743185       13337.87892532523256       30592.67536194919376    
       -0.7459589628937793870     -0.1742953148031328170     -0.4006594885350802104    
 -0.9871741171808152693     -0.1596441509170241912      0.1003716225199448916E-02
  0.1596442434453873016     -0.9871746124090888808      0.1223583685443868417E-04
  0.9888897957945970603E-03  0.1723164188505533297E-03  0.9999994962018849964    
Прогнозируемая угловая ошибка:          0.01"

 2455197.5      106516.0000000000000     ( 2010  1  2    5h 35m 16.000003s)
     1  -176183.2378695739026       12733.48171090745745       29203.35208921554658    
       -0.7034473211085120470     -0.1774636915251578129     -0.4079263584925957309    
 -0.9959318189374772867      0.9010440758205169598E-01  0.1003873585529733168E-02
 -0.9010444078657216249E-01 -0.9959323217979536569      0.1219327519773497676E-04
  0.1000888818666448125E-02 -0.7830979729800659965E-04  0.9999994960444471559    
Прогнозируемая угловая ошибка:          0.01"

 2455197.5      109952.0000000000000     ( 2010  1  2    6h 32m 31.999994s)
     1  -178528.5593682749895       12118.63808305783095       27790.07058240938204    
       -0.6618435070185989533     -0.1803790920639139206     -0.4146122824069086166    
 -0.9424924803358794012      0.3342258464187979894      0.1004039819712258330E-02
 -0.3342260033279820797     -0.9424929594171488345      0.1218638585913065268E-04
  0.9503734661818156060E-03 -0.3240906390898886172E-03  0.9999994958776390330    
Прогнозируемая угловая ошибка:          0.01"

 2455197.5      113388.0000000000000     ( 2010  1  2    7h 29m 47.999985s)
     1  -180732.3745743293839       11494.18555364253370       26354.75414922708660    
       -0.6210677295472482040     -0.1830595859152394089     -0.4207587516028408192    
 -0.8301934470050859050      0.5574745125298808945      0.1004205848121414880E-02
 -0.5574747833907458539     -0.8301938723781343565      0.1221633757418176604E-04
  0.8404958385508049879E-03 -0.5496775142606424684E-03  0.9999994957105606819    
Прогнозируемая угловая ошибка:          0.01"

 2455197.5      116824.0000000000000     ( 2010  1  2    8h 27m  4.000016s)
     1  -182797.4011975369940       10860.90338704506030       24899.19235057110927    
       -0.5810468525409586693     -0.1855210600653101338     -0.4264022450267980768    
 -0.6660479152297849037      0.7459082824810802093      0.1004362575033017476E-02
 -0.7459086504243169768     -0.6660482603170182481      0.1228201861719573701E-04
  0.6781152052404323645E-03 -0.7409823199847573880E-03  0.9999994955523577866    
Прогнозируемая угловая ошибка:          0.01"

 2455197.5      120260.0000000000000     ( 2010  1  2    9h 24m 20.000007s)
     1  -184726.1158413229277       10219.51959190459638       23425.05705784790553    
       -0.5417135388287767084     -0.1877775056069127535     -0.4315748874998845963    
 -0.4603069583089764438      0.8877592551526393150      0.1004501453061079196E-02
 -0.8877596972454697699     -0.4603072015441044273      0.1238010163151890842E-04
  0.4733698026086179816E-03 -0.8860572589265906622E-03  0.9999994954116546708    
Прогнозируемая угловая ошибка:          0.01"

 2455197.5      123696.0000000000000     ( 2010  1  2   10h 21m 35.999998s)
     1  -186520.7726317060879       9570.717012008590245       21933.91644136331888    
       -0.5030055137413335098     -0.1898412570863277915     -0.4363049994038987189    
 -0.2258193242519911381      0.9741686833105683840      0.1004615014545308469E-02
 -0.9741691719883266432     -0.2258194504270994163      0.1250524610129567165E-04
  0.2390438296045914392E-03 -0.9758410506624017608E-03  0.9999994952960183925    
Прогнозируемая угловая ошибка:          0.01"

 2455197.5      127132.0000000000000     ( 2010  1  2   11h 18m 51.999989s)
     1  -188183.4194911585655       8915.138663421190358       20427.24722762780584    
       -0.4648649276938690011     -0.1917231931708102133     -0.4406175575298978964    
  0.2277097560875454563E-01  0.9997402028792715667      0.1004697336813098821E-02
 -0.9997407076663209491      0.2277097439308287466E-01  0.1265042611671982841E-04
 -0.1023079775683269719E-04 -0.1004724889040542381E-02  0.9999994952114865665    
Прогнозируемая угловая ошибка:          0.01"

 2455197.5      130568.0000000000000     ( 2010  1  2   12h 16m  8.000020s)
     1  -189715.9123682728678       8253.392438605314965       18906.44550292310669    
       -0.4272378012422117788     -0.1934329054458047426     -0.4445345827285897000    
  0.2699392057350669116      0.9628768434726154846      0.1004744412351376475E-02
 -0.9628773328851724100      0.2699393295759414113      0.1280736331530307727E-04
 -0.2588881195032033183E-03 -0.9709028294770254185E-03  0.9999994951621911099    
Прогнозируемая угловая ошибка:          0.01"

 2455197.5      134004.0000000000000     ( 2010  1  2   13h 13m 24.000011s)
     1  -191119.9276825072302       7586.055277369683608       17372.83629241798189    
       -0.3900735390242264233     -0.1949788407711962324     -0.4480754668324797296    
  0.5002494318294180564      0.8658807633981360219      0.1004754400733831599E-02
 -0.8658812069101831099      0.5002496730150060023      0.1296703829608268789E-04
 -0.4914001514086802080E-03 -0.8764847066958430860E-03  0.9999994951500977836    
Прогнозируемая угловая ошибка:          0.01"

 2455197.5      137440.0000000000000     ( 2010  1  2   14h 10m 40.000002s)
     1  -192396.9732008452993       6913.676887743335101       15827.68210569860457    
       -0.3533245013835033532     -0.1963684215482358886     -0.4512572488444587249    
  0.6993185292281394183      0.7148094747555794326      0.1004727746471159155E-02
 -0.7148098447051128845      0.6993188727186696596      0.1312024892072000403E-04
 -0.6932465968116792963E-03 -0.7273645176043310161E-03  0.9999994951748797378    
Прогнозируемая угловая ошибка:          0.01"

 2455197.5      140876.0000000000000     ( 2010  1  2   15h  7m 55.999993s)
     1  -193548.3975281007879       6236.783086442414969       14272.19060871573856    
       -0.3169456243740733092     -0.1976081474005284555     -0.4540948484391846285    
  0.8547144132736259614      0.5190975461184810236      0.1004667155227022962E-02
 -0.5190978194350490682      0.8547148376400155456      0.1325818089348698000E-04
 -0.8518216352943322250E-03 -0.5328524878397888562E-03  0.9999994952339366083    
Прогнозируемая угловая ошибка:          0.01"

 2455197.5      144312.0000000000000     ( 2010  1  2   16h  5m 11.999984s)
     1  -194575.3983633528696       5555.878817756252829       12707.52155725985904    
       -0.2808940803685175958     -0.1987036810995418401     -0.4566012632780073188    
  0.9567324396437996148      0.2909674032557785783      0.1004577429641219941E-02
 -0.2909675629014229492      0.9567329184053249280      0.1337295524744592609E-04
 -0.9572212019625237064E-03 -0.3050937865477350796E-03  0.9999994953225487260    
Прогнозируемая угловая ошибка:          0.01"

 2455197.5      147748.0000000000000     ( 2010  1  2   17h  2m 28.000015s)
     1  -195479.0296504532744       4871.450900912478573       11134.79310693932712    
       -0.2451289727162179466     -0.1996599210269834612     -0.4587877354022084631    
  0.9990014702229360610      0.4466602223306796043E-01  0.1004465174703751207E-02
 -0.4466605826666485146E-01  0.9990019735004519452      0.1345811870517448999E-04
 -0.1002861571212220176E-02 -0.5831018039312621369E-04  0.9999994954341688835    
Прогнозируемая угловая ошибка:          0.01"

 2455197.5      151184.0000000000000     ( 2010  1  2   17h 59m 44.000006s)
     1  -196260.2077297838987       4183.970548876230168       9555.087598319834797    
       -0.2096110588844173339     -0.2004810620324348203     -0.4606638909726023523    
  0.9788817564559385564     -0.2044247983541461477      0.1004338390753177447E-02
  0.2044248881556263164      0.9788822528374213627      0.1350904636664456880E-04
 -0.9858906106310399899E-03  0.1920880041646875916E-03  0.9999994955608240144    
Прогнозируемая угловая ошибка:          0.01"

 2455197.5      154620.0000000000000     ( 2010  1  2   18h 56m 59.999997s)
     1  -196919.7165807283309       3493.895695780003734       7969.456902658217587    
       -0.1743024973090086249     -0.2011706461914743171     -0.4622378568123859388    
  0.8976297975105814730     -0.4407490648787174559      0.1004205979150834182E-02
  0.4407492748808724548      0.8976302560125227759      0.1352323159539464188E-04
 -0.9073660218342870362E-03  0.4304642015030864374E-03  0.9999994956936096857    
Прогнозируемая угловая ошибка:          0.01"

 2455197.5      158056.0000000000000     ( 2010  1  2   19h 54m 15.999988s)
     1  -197458.2122290579427       2801.673165523458465       6378.927402968260139    
       -0.1391666138207196812     -0.2017316046791554907     -0.4635163565431959509    
  0.7603198678267354405     -0.6495480662868067245      0.1004077191193488046E-02
  0.6495483833491060288      0.7603202598289096059      0.1350044488702071952E-04
 -0.7721894187669791580E-03  0.6419320598252363508E-03  0.9999994958232388820    
Прогнозируемая угловая ошибка:          0.01"

 2455197.5      161492.0000000000000     ( 2010  1  2   20h 51m 32.000020s)
     1  -197876.2263801383378       2107.740710335414406       4784.504676550904151    
       -0.1041676840235654794     -0.2021662917321405406     -0.4645047885494801854    
  0.5755271215361205117     -0.8177820763739866994      0.1003961054357494029E-02
  0.8177824806698199556      0.5755274225689058776      0.1344275164984663877E-04
 -0.5888003593302727854E-03  0.8132850933658321724E-03  0.9999994959406199868    
Прогнозируемая угловая ошибка:          0.01"

 2455197.5      164928.0000000000000     ( 2010  1  2   21h 48m 48.000011s)
     1  -198174.1693271379918       1412.528945105611456       3187.177938267530408    
       -0.6927072840771819617E-01 -0.2024765114689984491     -0.4652072875381960126    
  0.3547920737337607044     -0.9349446917701230708      0.1003865811469767952E-02
  0.9349451580244101390      0.3547922650063996541      0.1335438754467382669E-04
 -0.3686494387605513561E-03  0.9338214488894961470E-03  0.9999994960374194441    
Прогнозируемая угловая ошибка:          0.01"

 2455197.5      168364.0000000000000     ( 2010  1  2   22h 46m  4.000002s)
     1  -198352.3321729298332       716.4632009573252844       1587.924298469934229    
       -0.3444131729488357496E-01 -0.2026635381633624944     -0.4656267710593017806    
  0.1118998696689632033     -0.9937189801733818939      0.1003798407624423121E-02
  0.9937194792404987487      0.1118999392433018408      0.1324149887214872577E-04
 -0.1254833095808219605E-03  0.9960123088889767922E-03  0.9999994961065827859    
Прогнозируемая угловая ошибка:          0.01"

 2455197.5      171800.0000000000000     ( 2010  1  2   23h 43m 19.999993s)
     1  -198410.8883948371222       19.96531975671791770      -12.28711457518647876    
        0.3546170465557746398E-03 -0.2027281304116436700     -0.4657649720010650363    
 -0.1379806046610499992     -0.9904344224607144476      0.1003764056808690002E-02
  0.9904349231442141077     -0.1379806611246515990      0.1311176389756996613E-04
  0.1255136858682114845E-03  0.9959721455710113247E-03  0.9999994961427727258    
Прогнозируемая угловая ошибка:          0.01"

 2455197.5      175236.0000000000000     ( 2010  1  3    0h 40m 35.999984s)
     1  -198349.8947725395847      -676.5445900235076806      -1612.491120863715423    
        0.3515096360765558592E-01 -0.2026705394998633836     -0.4656224577591925873    
 -0.3792440380750698448     -0.9252961428853481163      0.1003765915261111037E-02
  0.9252966138858611522     -0.3792442170462681506      0.1297391841502867882E-04
  0.3686677019633434493E-03  0.9337014837345421116E-03  0.9999994961427054463    
Прогнозируемая угловая ошибка:          0.01"

 2455197.5      178672.0000000000000     ( 2010  1  3    1h 37m 52.000015s)
     1  -198169.2916911030770      -1372.646416495482981      -3211.722498427439859    
        0.6998161354650109245E-01 -0.2024905121477943992     -0.4651986364884779790    
 -0.5968232654541770765     -0.8023720970898551297      0.1003804882035840050E-02
  0.8023725089595425963     -0.5968235557525981561      0.1283721483771151702E-04
  0.5887941759882512217E-03  0.8130869901837657924E-03  0.9999994961053552123    
Прогнозируемая угловая ошибка:          0.01"

 2455197.5      182108.0000000000000     ( 2010  1  3    2h 35m  8.000006s)
     1  -197868.9028230264375      -2067.918307416643984      -4809.011992624602499    
        0.1048806411234235042     -0.2021872876884521220     -0.4644917505696345428    
 -0.7771302190421192080     -0.6293390301557804101      0.1003879539370849472E-02
  0.6293393571372930539     -0.7771306025350260827      0.1271084829355001500E-04
  0.7721460783663387306E-03  0.6416588882695022523E-03  0.9999994960320255366    
Прогнозируемая угловая ошибка:          0.01"

 2455197.5      185544.0000000000000     ( 2010  1  3    3h 32m 23.999997s)
     1  -197448.4341852214711      -2761.934913929831509      -6403.382280858591002    
        0.1398824869906362123     -0.2017595896228437935     -0.4634988571525708312    
 -0.9089045334672349874     -0.4170030468166202597      0.1003986236812835081E-02
  0.4170032684517180344     -0.9089049862013843795      0.1260338527544372790E-04
  0.9072724466566638949E-03  0.4301208162454272415E-03  0.9999994959262682448    
Прогнозируемая угловая ошибка:          0.01"

 2455197.5      188980.0000000000000     ( 2010  1  3    4h 29m 39.999988s)
     1  -196907.4725587672147      -3454.265595381712046      -7993.843847687140624    
        0.1750221462184702870     -0.2012056113696571724     -0.4622157953611258918    
 -0.9839167574792285764     -0.1786247633895249598      0.1004119314116135812E-02
  0.1786248657968951548     -0.9839172511762537265      0.1252223036078103146E-04
  0.9857335349628241778E-03  0.1916815100210872088E-03  0.9999994957936712003    
Прогнозируемая угловая ошибка:          0.01"

 2455197.5      192416.0000000000000     ( 2010  1  3    5h 26m 56.000019s)
     1  -196245.4832509190892      -4144.472564783700363      -9579.390723364605947    
        0.2103353635525844478     -0.2005229959030348230     -0.4606371394535326846    
 -0.9974822947614782054      0.7090883637623762725E-01  0.1004271449324522624E-02
 -0.7090885963377988044E-01 -0.9974827985834426869      0.1247316414789542302E-04
  0.1002627953365328164E-02 -0.5876998283724137396E-04  0.9999994956415109160    
Прогнозируемая угловая ошибка:          0.01"

 2455197.5      195852.0000000000000     ( 2010  1  3    6h 24m 12.000010s)
     1  -195461.8071700029250      -4832.108953192969238      -11158.99603590139668    
        0.2458588385697537682     -0.1997088088341917034     -0.4587561369171781478    
 -0.9487539622369398629      0.3160140981852303521      0.1004434110627949522E-02
 -0.3160142456983310866     -0.9487544447118357871      0.1245998124043053145E-04
  0.9568988566135821225E-03 -0.3055940312524018862E-03  0.9999994954783057999    
Прогнозируемая угловая ошибка:          0.01"

 2455197.5      199288.0000000000000     ( 2010  1  3    7h 21m 28.000001s)
     1  -194555.6571742652159      -5516.716769506623677      -12731.60732262182137    
        0.2816304436407155443     -0.1987595043392774707     -0.4565646301238154292    
 -0.8407748985334840830      0.5413839310311115982      0.1004598084145341512E-02
 -0.5413841936314277570     -0.8407753295204326571      0.1248425092031009781E-04
  0.8514000580721248950E-03 -0.5333770789078917489E-03  0.9999994953132891329    
Прогнозируемая угловая ошибка:          0.01"

 2455197.5      202724.0000000000000     ( 2010  1  3    8h 18m 43.999992s)
     1  -193526.1136452345818      -6197.824729814856255      -14296.14154180577498    
        0.3176894579264510354     -0.1976708831605807348     -0.4540529597685331042    
 -0.6802885152565106841      0.7329437403234996262      0.1004754044958600708E-02
 -0.7329441016557561861     -0.6802888678279649382      0.1254521559312074952E-04
  0.6927179289304352065E-03 -0.7278941847777579618E-03  0.9999994951558360823    
Прогнозируемая угловая ошибка:          0.01"

 2455197.5      206160.0000000000000     ( 2010  1  3    9h 15m 59.999983s)
     1  -192372.1192243915866      -6874.945927461465544      -15851.47971810951458    
        0.3540768210418578921     -0.1964380417037422943     -0.4512098478459788398    
 -0.4773173640217320268      0.8787304047278268193      0.1004893136041572514E-02
 -0.8787308422706973099     -0.4773176161451254118      0.1263983354712355026E-04
  0.4907602022245620985E-03 -0.8769973797954440289E-03  0.9999994950148822781    
Прогнозируемая угловая ошибка:          0.01"

 2455197.5      209596.0000000000000     ( 2010  1  3   10h 13m 16.000014s)
     1  -191092.4726386075199      -7547.575311197914743      -17396.46114681317704    
        0.3908354105347290330     -0.1950553110112380195     -0.4480222573602586356    
 -0.2445372142093759360      0.9696393870025105111      0.1005007519140091194E-02
 -0.9696398734745943493     -0.2445373501232057656      0.1276296362310167137E-04
  0.2581373478082710335E-03 -0.9713743441305609620E-03  0.9999994948983690346    
Прогнозируемая угловая ошибка:          0.01"

 2455197.5      213032.0000000000000     ( 2010  1  3   11h 10m 32.000005s)
     1  -189685.8215244984021      -8215.186934141202073      -18929.87707119531478    
        0.4280103479700325120     -0.1935161841009467032     -0.4444752252951396088    
  0.3514551699608859867E-02  0.9999933188370344617      0.1005090863341230253E-02
 -0.9999938239001563423      0.3514540501212686831E-02  0.1290768056712699694E-04
  0.9375161782319848218E-05 -0.1005130020510382150E-02  0.9999994948127466365    
Прогнозируемая угловая ошибка:          0.01"

 2455197.5      216468.0000000000000     ( 2010  1  3   12h  7m 47.999996s)
     1  -188150.6541440595465      -8877.230930464724224      -20450.46373404727638    
        0.4656493392078258076     -0.1918132298040539085     -0.4405516645563362643    
  0.2513468299593625277      0.9678965651171053119      0.1005138740903653571E-02
 -0.9678970572705930531      0.2513469441950980654      0.1306570173590904862E-04
 -0.2399923031872124393E-03 -0.9761548521818301126E-03  0.9999994947625717723    
Прогнозируемая угловая ошибка:          0.01"

 2455197.5      219904.0000000000000     ( 2010  1  3   13h  5m  3.999987s)
     1  -186485.2898631033022      -9533.130169618198124      -21956.89468794579079    
        0.5038030554541182982     -0.1899379908007756690     -0.4362321295961852363    
  0.4834822214921541406      0.8753536035092841505      0.1005148905580461292E-02
 -0.8753540520569438321      0.4834824540482435817      0.1322789881838277309E-04
 -0.4743927706564395638E-03 -0.8862566213268334957E-03  0.9999994947502224285    
Прогнозируемая угловая ошибка:          0.01"

 2455197.5      223340.0000000000000     ( 2010  1  3   14h  2m 20.000018s)
     1  -184687.8682393782365      -10182.27652907010997      -23447.77222867078308    
        0.5425255628946932251     -0.1878808630119106760     -0.4314945391889020709    
  0.6854236172429098994      0.7281438420096294495      0.1005121435966221119E-02
 -0.7281442189765909845      0.6854239536168946767      0.1338486297254767403E-04
 -0.6791882029554254180E-03 -0.7410476641632257134E-03  0.9999994947757445685    
Прогнозируемая угловая ошибка:          0.01"

 2455197.5      226776.0000000000000     ( 2010  1  3   14h 59m 36.000009s)
     1  -182756.3365378786111      -10824.02671568376718      -24921.61779114439923    
        0.5818748102534506694     -0.1856309528282286681     -0.4263138482710394639    
  0.8445595496497574350      0.5354606959920947817      0.1005058734724836823E-02
 -0.5354609778718357749      0.8445599688557019480      0.1352748835351726361E-04
 -0.8415889353685649310E-03 -0.5495945023861219985E-03  0.9999994948368459147    
Прогнозируемая угловая ошибка:          0.01"

 2455197.5      230212.0000000000000     ( 2010  1  3   15h 56m 52.000000s)
     1  -180688.4354555917962      -11457.69755234342665      -26376.86111625269041    
        0.6219131855289363742     -0.1831759078074115255     -0.4206616588030486215    
  0.9509518068137824409      0.3093374389920820478      0.1004965383490089102E-02
 -0.3093376082145097850      0.9509522826923920702      0.1364753785605941374E-04
 -0.9514524310477714616E-03 -0.3238517388500529166E-03  0.9999994949290337276    
Прогнозируемая угловая ошибка:          0.01"

 2455197.5      233648.0000000000000     ( 2010  1  3   16h 54m  7.999991s)
     1  -178481.6827953031170      -12082.56062964537705      -27811.82795829720271    
        0.6627081555599142471     -0.1805017153852737644     -0.4145057571189518231    
  0.9979560749508793460      0.6389571777050781498E-01  0.1004847862204056750E-02
 -0.6389576379942442375E-01  0.9979565778027374989      0.1373815587405287841E-04
 -0.1001916724447141863E-02 -0.7791559777087389918E-04  0.9999994950458910292    
Прогнозируемая угловая ошибка:          0.01"

 2455197.5      237084.0000000000000     ( 2010  1  3   17h 51m 23.999982s)
     1  -176133.3547761853551      -12697.83620144849010      -29224.72605451353593    
        0.7043330050910221463     -0.1775924627610641626     -0.4078095620437534596    
  0.9826368856827218945     -0.1855363615177320347      0.1004714150082561481E-02
  0.1855364415263420774      0.9826373841226782035      0.1379429616266569130E-04
 -0.9898290277478795276E-03  0.1728563039360537742E-03  0.9999994951794696219    
Прогнозируемая угловая ошибка:          0.01"

 2455197.5      240520.0000000000000     ( 2010  1  3   18h 48m 40.000014s)
     1  -173640.4646053074393      -13302.68617663265104      -30613.62901731514285    
        0.7468676958359404816     -0.1744300493263039320     -0.4005314639437362323    
  0.9059509380318760963     -0.4233814931144065374      0.1004573232781644579E-02
  0.4233816941343969131      0.9059514009487970032      0.1381303807767943359E-04
 -0.9159427122799876971E-03  0.4128039823735731658E-03  0.9999994953207826942    
Прогнозируемая угловая ошибка:          0.01"

 2455197.5      243956.0000000000000     ( 2010  1  3   19h 45m 56.000005s)
     1  -170999.7378557313641      -13896.20602593409058      -31976.45773297782944    
        0.7903998709133381873     -0.1709938406764475172     -0.3926240295197284125    
  0.7726873557834775808     -0.6347859807238813712      0.1004434546218084447E-02
  0.6347862901724051765      0.7726877542829874157      0.1379377135373612978E-04
 -0.7848703665182236609E-03  0.6269430066011108570E-03  0.9999994954603597108    
Прогнозируемая угловая ошибка:          0.01"

 2455197.5      247392.0000000000000     ( 2010  1  3   20h 43m 11.999996s)
     1  -168207.5840993729944      -14477.41538005228176      -33310.95875240671739    
        0.8350260362910574274     -0.1672602501857954338     -0.3840330401237910252    
  0.5911685960640731263     -0.8065473838493907310      0.1004307391450353975E-02
  0.8065477823722680961      0.5911689052729659499      0.1373823772052198115E-04
 -0.6047958408533676052E-03  0.8019002846887793084E-03  0.9999994955888349413    
Прогнозируемая угловая ошибка:          0.01"

 2455197.5      250828.0000000000000     ( 2010  1  3   21h 40m 27.999987s)
     1  -165260.0641208046000      -15045.24704042183293      -34614.67903368450789    
