 2455197.5      0.000000000000000000     ( 2010  1  1    0h  0m  0.000000s)
     1   19980.09919450006055       0.000000000000000000       0.000000000000000000    
         0.000000000000000000       2.399127904859956306       5.512616616903249778    
 -0.1760171925938024129     -0.9843865818035654192      0.1002734505629329122E-02
  0.9843870788319664111     -0.1760172686724336966      0.1256041351215987402E-04
  0.1641342863611954417E-03  0.9892897395647006799E-03  0.9999994971827472767    
Прогнозируемая угловая ошибка:          0.00"

 2455197.5      3436.000000000000000     ( 2010  1  1    0h 57m 15.999991s)
     1   14868.26317737168210       7583.910425461148407       17425.99489915205413    
        -2.613524524322975218       1.890878396272337003       4.344781971281650890    
 -0.4145933887109182203     -0.9100062178425367687      0.1002758754304980534E-02
  0.9100066804544452159     -0.4145935857848613848      0.1242305286216882977E-04
  0.4044322922754049212E-03  0.9176676808859240801E-03  0.9999994971601476879    
Прогнозируемая угловая ошибка:          0.00"

 2455197.5      6872.000000000000000     ( 2010  1  1    1h 54m 31.999982s)
     1   4369.773407190445141       12912.76594199387910       29670.41813728268608    
        -3.288464506146667521       1.252156698552156833       2.877153739666189924    
 -0.6272777705045546881     -0.7787949620958671826      0.1002818494337110030E-02
  0.7787953613639221340     -0.6272780762684073697      0.1228998796221773090E-04
  0.6194746752649472150E-03  0.7886996279281795240E-03  0.9999994971018855150    
Прогнозируемая угловая ошибка:          0.00"

 2455197.5      10308.00000000000000     ( 2010  1  1    2h 51m 48.000013s)
     1  -6984.242910258183656       16473.93018711473997       37853.11367152553430    
        -3.271820719482030349      0.8540557186730168837       1.962413815862369626    
 -0.8007879655501315419     -0.5989470998329781137      0.1002911634028823794E-02
  0.5989474107827476024     -0.8007883609097574684      0.1216989745033549366E-04
  0.7958308387681076786E-03  0.6104368338656902641E-03  0.9999994970099475022    
Прогнозируемая угловая ошибка:          0.00"

 2455197.5      13744.00000000000000     ( 2010  1  1    3h 49m  4.000004s)
     1  -17953.57077916201888       18952.51660702301888       43548.30676945862797    
        -3.103941610394630679      0.6067144821954691958       1.394083379002598377    
 -0.9242880667865666089     -0.3816943325735262516      0.1003033998354648263E-02
  0.3816945357434952113     -0.9242885270508639506      0.1207068162967870851E-04
  0.9224855061528325524E-03  0.3940093833251546735E-03  0.9999994968884218238    
Прогнозируемая угловая ошибка:          0.00"

 2455197.5      17180.00000000000000     ( 2010  1  1    4h 46m 19.999995s)
     1  -28292.58820936888151       20736.34993087427938       47647.12501209094626    
        -2.914342913698054982      0.4417418747667972712       1.015016162451574111    
 -0.9900653589878134486     -0.1406043333722450106      0.1003179584276221248E-02
  0.1406044160296675005     -0.9900658554101243736      0.1199897086986981211E-04
  0.9915267459360973482E-03  0.1529312450218134160E-03  0.9999994967432463966    
Прогнозируемая угловая ошибка:          0.00"

 2455197.5      20616.00000000000000     ( 2010  1  1    5h 43m 35.999986s)
     1  -37992.32650748682499       22042.27213533194663       50647.81890177186142    
        -2.734030516116253473      0.3245242467768286732      0.7456783574339613807    
 -0.9940119777220102204      0.1092665614548049835      0.1003340929880638336E-02
 -0.1092666045181482359     -0.9940124792949234234      0.1195971198286753335E-04
  0.9986402018930693944E-03 -0.9774355962120369573E-04  0.9999994965818450599    
Прогнозируемая угловая ошибка:          0.00"

 2455197.5      24052.00000000000000     ( 2010  1  1    6h 40m 52.000017s)
     1  -47099.13888944477367       23000.25578193510228       52849.03400092865195    
        -2.569510315118775701      0.2370442692989351285      0.5446704926535680391    
 -0.9358814512663594654      0.3523136417229771888      0.1003509574650062646E-02
 -0.3523138078648454519     -0.9358819266578609630      0.1195585833825361058E-04
  0.9433786861342283517E-03 -0.3423610134209405850E-03  0.9999994964126688313    
Прогнозируемая угловая ошибка:          0.00"

 2455197.5      27488.00000000000000     ( 2010  1  1    7h 38m  8.000008s)
     1  -55668.09638989385712       23693.63192156945297       54442.24494285867695    
        -2.420744343292989154      0.1692425740737350803      0.3888785688484613923    
 -0.8193040964593009123      0.5733583435848182974      0.1003676582444377238E-02
 -0.5733586224767930339     -0.8193045159693662649      0.1198818313292483468E-04
  0.8291902813930963727E-03 -0.5656446551725667193E-03  0.9999994962446736579    
Прогнозируемая угловая ошибка:          0.00"

 2455197.5      30924.00000000000000     ( 2010  1  1    8h 35m 23.999999s)
     1  -63750.59689010596776       24178.87585518678679       55557.21833226893068    
        -2.286033241079871825      0.1151189286926424388      0.2645155007974454020    
 -0.6515602973477648829      0.7585961845667363868      0.1003833094887722878E-02
 -0.7585965588385151781     -0.6515606347632081352      0.1205522759747333583E-04
  0.6632031781609453195E-03 -0.7536496237519891943E-03  0.9999994960867675253    
Прогнозируемая угловая ошибка:          0.00"

 2455197.5      34360.00000000000000     ( 2010  1  1    9h 32m 39.999990s)
     1  -71391.58763905662636       24496.01279088925003       56285.92243264044373    
        -2.163439525578735090      0.7088830685603636494E-01  0.1628842120201714483    
 -0.4431258391701410337      0.8964588572278310297      0.1003970880838950903E-02
 -0.8964593035513235275     -0.4431260734018826475      0.1215338758834737313E-04
  0.4557806861849571386E-03 -0.8946335565488156439E-03  0.9999994959472554568    
Прогнозируемая угловая ошибка:          0.00"

 2455197.5      37796.00000000000000     ( 2010  1  1   10h 29m 55.999981s)
     1  -78629.59587387696956       24674.45743297756417       56695.94513179737260    
        -2.051194602463059624      0.3404952494131509300E-01  0.7823758650337904463E-01
 -0.2070176836951315158      0.9783366856328843397      0.1004082847879108828E-02
 -0.9783371761784595000     -0.2070178000956197084      0.1227713342161800006E-04
  0.2198741923024303028E-03 -0.9797899943199189429E-03  0.9999994958333263684    
Прогнозируемая угловая ошибка:          0.00"

 2455197.5      41232.00000000000000     ( 2010  1  1   11h 27m 12.000013s)
     1  -85497.51108036261576       24736.48105360068803       56838.46043537701917    
        -1.947788848166389419      0.2884626892305435647E-02  0.6628176058422041023E-02
  0.4201895732672630140E-01  0.9991163089855314983      0.1004163484007147269E-02
 -0.9991168131595006274      0.4201896604824062464E-01  0.1241934953668318115E-04
 -0.2978553667213415195E-04 -0.1003798468150576221E-02  0.9999994957506015414    
Прогнозируемая угловая ошибка:          0.00"

 2455197.5      44668.00000000000000     ( 2010  1  1   12h 24m 28.000004s)
     1  -92023.47441329128924       24699.37070035304714       56753.18980451248353    
        -1.851963255614319293     -0.2382529631186775312E-01 -0.5474477791925666526E-01
  0.2884314652332862217      0.9575000164111009404      0.1004209202018908377E-02
 -0.9575005027659626577      0.2884315985548036587      0.1257177311197252769E-04
 -0.2776081924607260560E-03 -0.9651569107545781992E-03  0.9999994957027874554    
Прогнозируемая угловая ошибка:          0.00"

 2455197.5      48104.00000000000000     ( 2010  1  1   13h 21m 43.999995s)
     1  -98231.68264134510537       24576.82946583802914       56471.61963717170875    
        -1.762674479985113507     -0.4696919870406653791E-01 -0.1079238771447601497    
  0.5168311100417548598      0.8560867918839077939      0.1004218565051230279E-02
 -0.8560872300820773217      0.5168313596604389160      0.1272550460509736225E-04
 -0.5081175099591973615E-03 -0.8662756264226022761E-03  0.9999994956914404209    
Прогнозируемая угловая ошибка:          0.00"

 2455197.5      51540.00000000000000     ( 2010  1  1   14h 18m 59.999986s)
     1  -104143.0634806749295       24379.91647775184902       56019.16113839427999    
        -1.679056998918533772     -0.6721085294053530390E-01 -0.1544343109034309880    
  0.7129540820641284693      0.7012100031130205080      0.1004192379077485219E-02
 -0.7012103658214147162      0.7129544324141066092      0.1287155863855323007E-04
 -0.7069177419867357735E-03 -0.7133269357618994121E-03  0.9999994957158673259    
Прогнозируемая угловая ошибка:          0.00"

 2455197.5      54976.00000000000000     ( 2010  1  1   15h 16m 16.000017s)
     1  -109775.8274012590409       24117.69691571015937       55416.64390200187336    
        -1.600389596794783875     -0.8505608655276447605E-01 -0.1954383487223471938    
  0.8645522868963766427      0.5025418738153724085      0.1004133646404490633E-02
 -0.5025421384125342561      0.8645527161201451705      0.1300142113403102211E-04
 -0.8615927128076168598E-03 -0.5158598782905083778E-03  0.9999994957731644929    
Прогнозируемая угловая ошибка:          0.00"

 2455197.5      58412.00000000000000     ( 2010  1  1   16h 13m 32.000008s)
     1  -115145.9142282123794       23797.70322370812210       54681.37566546420567    
        -1.526067672254308727     -0.1008972661658310704     -0.2318375543626305935    
  0.9621582459402445719      0.2724894523794358925      0.1004047382819204821E-02
 -0.2724896023685797752      0.9621587272530474078      0.1310757812889675542E-04
 -0.9624812751686868300E-03 -0.2862040364847450477E-03  0.9999994958583950933    
Прогнозируемая угловая ошибка:          0.00"

 2455197.5      61848.00000000000000     ( 2010  1  1   17h 10m 47.999999s)
     1  -120267.3541647758102       23426.26980258608091       53827.91135236825357    
        -1.455580989941523740     -0.1150435263633816235     -0.2643422444519262782    
  0.9996763614768520156      0.2541976412669630717E-01  0.1003940309489790607E-02
 -0.2541979016640001296E-01  0.9996768648388731915      0.1318398343043599044E-04
 -0.1003280767327069996E-02 -0.3869966859232473657E-04  0.9999994959648917936    
Прогнозируемая угловая ошибка:          0.00"

 2455197.5      65284.00000000000000     ( 2010  1  1   18h  8m  3.999990s)
     1  -125152.5604786400072       23008.78074980691963       52868.62231860581960    
        -1.388495995606868094     -0.1277418018724457149     -0.2935198153665409260    
  0.9747635858199511505     -0.2232374164515381620      0.1003820438539943611E-02
  0.2232375159633821771      0.9747640798119099337      0.1322643596077942798E-04
 -0.9814407414624999951E-03  0.2111977330282795867E-03  0.9999994960846675385    
Прогнозируемая угловая ошибка:          0.00"

 2455197.5      68720.00000000000000     ( 2010  1  1   19h  5m 19.999981s)
     1  -129812.5679545268067       22549.85648876714549       51814.12518146564253    
        -1.324441790885590775     -0.1391917708116573726     -0.3198290792075650923    
  0.8889757492848650022     -0.4579531742182736398      0.1003696577822069157E-02
  0.4579533930437535982      0.8889762030699160933      0.1323284324584708528E-04
 -0.8983223953549787991E-03  0.4478825766602226440E-03  0.9999994962089090444    
Прогнозируемая угловая ошибка:          0.00"

 2455197.5      72156.00000000000000     ( 2010  1  1   20h  2m 36.000012s)
     1  -134257.2283055226726       22053.49658654541417       50673.60998033395299    
        -1.263098988076660101     -0.1495566722983768804     -0.3436451200499520686    
  0.7476703949211391809     -0.6640692534593785057      0.1003577785484091687E-02
  0.6640695779094358819      0.7476707801705608780      0.1320335449534201017E-04
 -0.7591137275975928063E-03  0.6565737191359169705E-03  0.9999994963285229188    
Прогнозируемая угловая ошибка:          0.00"

 2455197.5      75592.00000000000000     ( 2010  1  1   20h 59m 52.000003s)
     1  -138495.3713153391145       21523.19059774863126       49455.09486908767576    
        -1.204190815390269842     -0.1589712701196493438     -0.3652775925354226350    
  0.5596722012292388859     -0.8287134729286964596      0.1003472808098066155E-02
  0.8287138827173230471      0.5596724938916598502      0.1314035479763001616E-04
 -0.5725057181205487657E-03  0.8242375557056953435E-03  0.9999994964347005411    
Прогнозируемая угловая ошибка:          0.00"

 2455197.5      79028.00000000000000     ( 2010  1  1   21h 57m  7.999994s)
     1  -142534.9385605342977       20962.00519677481498       48165.62632499503525    
        -1.147475979055485595     -0.1675478049412936210     -0.3849843986116936456    
  0.3367218613810238348     -0.9416036221667456463      0.1003389537168769465E-02
  0.9416040916772140390      0.3367220431846864592      0.1304832054963083962E-04
 -0.3501497209583436009E-03  0.9404020389608469315E-03  0.9999994965194622942    
Прогнозируемая угловая ошибка:          0.00"

 2455197.5      82464.00000000000000     ( 2010  1  1   22h 54m 23.999985s)
     1  -146383.0950644725526       20372.65346925766426       46811.43836372360965    
        -1.092742900191316480     -0.1753805046374958543     -0.4029820511807916117    
  0.9274286996276943917E-01 -0.9956895868647588355      0.1003334517808076622E-02
  0.9956900867488380769      0.9274292955700134955E-01  0.1293354486053626293E-04
 -0.1059299784460429323E-03  0.9978107390052706228E-03  0.9999994965761578314    
Прогнозируемая угловая ошибка:          0.00"

 2455197.5      85900.00000000000000     ( 2010  1  1   23h 51m 40.000016s)
     1  -150046.3230788347428       19757.55060230005984       45398.08050204960455    
        -1.039805031977855787     -0.1825490449984243091     -0.4194536259695073599    
 -0.1570280188570736812     -0.9875936384251214895      0.1003312540132952815E-02
  0.9875941374354362257     -0.1570280851924933108      0.1280374974498486039E-04
  0.1449033452305852131E-03  0.9928761301071524405E-03  0.9999994965998788565    
Прогнозируемая угловая ошибка:          0.00"

 2455197.5      89336.00000000000000     ( 2010  1  2    0h 48m 56.000007s)
     1  -153530.5012978382874       19118.85908071215090       43930.52160789957998    
       -0.9884970301666898829     -0.1891212355361757691     -0.4345549328629295105    
 -0.3969923318147777769     -0.9178213779469963640      0.1003326338894480751E-02
  0.9178218448881325653     -0.3969925199366813873      0.1266760898927584131E-04
  0.3866864492587207915E-03  0.9259037750201642037E-03  0.9999994965877680997    
Прогнозируемая угловая ошибка:          0.01"

 2455197.5      92772.00000000000000     ( 2010  1  2    1h 46m 11.999998s)
     1  -156840.9721230509167       18458.52569753332136       42413.23494159321126    
       -0.9386716015141830516     -0.1951551257747032031     -0.4484193556500998268    
 -0.6121640358639975910     -0.7907301603141628776      0.1003376420159120220E-02
  0.7907305659906818107     -0.6121643340239200093      0.1253421112417818387E-04
  0.6043200792504394231E-03  0.8010733978822268597E-03  0.9999994965391997281    
Прогнозируемая угловая ошибка:          0.01"

 2455197.5      96208.00000000000000     ( 2010  1  2    2h 43m 27.999989s)
     1  -159982.5990644488775       17778.31211504172825       40850.26837766366953    
       -0.8901968939778062140     -0.2007006729618259211     -0.4611616840235169268    
 -0.7891054208045342744     -0.6142569722216165706      0.1003461026020675178E-02
  0.6142572912613328828     -0.7891058103817384373      0.1241249576193127750E-04
  0.7842124640601201438E-03  0.6261780194212025145E-03  0.9999994964558228672    
Прогнозируемая угловая ошибка:          0.01"

 2455197.5      99644.00000000000000     ( 2010  1  2    3h 40m 43.999980s)
     1  -162959.8159492519044       17079.82029721343497       39245.30284250767727    
       -0.8429543224406610413     -0.2058010741972931545     -0.4728811744877620127    
 -0.9167663020239666949     -0.3994227588758956227      0.1003576239764171355E-02
  0.3994229713145519556     -0.9167667586876723229      0.1231069821034297868E-04
  0.9151281633816821769E-03  0.4121374369009565223E-03  0.9999994963414620130    
Прогнозируемая угловая ошибка:          0.01"

 2455197.5      103080.0000000000000     ( 2010  1  2    4h 38m  0.000012s)
     1  -165776.6692860916373       16364.51382938821371       37601.70130182955472    
       -0.7968367466088031037     -0.2104938391513345719     -0.4836640152077025800    
 -0.9871741171808152693     -0.1596441509170241912      0.1003716225199448916E-02
  0.1596442434453873016     -0.9871746124090888808      0.1223583685443868417E-04
  0.9888897957945970603E-03  0.1723164188505533297E-03  0.9999994962018849964    
Прогнозируемая угловая ошибка:          0.01"

 2455197.5      106516.0000000000000     ( 2010  1  2    5h 35m 16.000003s)
     1  -168436.8548771581554       15633.73591395774565       35922.55011038731027    
       -0.7517469352922119263     -0.2148116603417782600     -0.4935853256951675538    
 -0.9959318189374772867      0.9010440758205169598E-01  0.1003873585529733168E-02
 -0.9010444078657216249E-01 -0.9959323217979536569      0.1219327519773497676E-04
  0.1000888818666448125E-02 -0.7830979729800659965E-04  0.9999994960444471559    
Прогнозируемая угловая ошибка:          0.01"

 2455197.5      109952.0000000000000     ( 2010  1  2    6h 32m 31.999994s)
     1  -170943.7495691949443       14888.72466032533703       34210.69414462808345    
       -0.7075962648334741534     -0.2187831240151666967     -0.5027107902420969721    
 -0.9424924803358794012      0.3342258464187979894      0.1004039819712258330E-02
 -0.3342260033279820797     -0.9424929594171488345      0.1218638585913065268E-04
  0.9503734661818156060E-03 -0.3240906390898886172E-03  0.9999994958776390330    
Прогнозируемая угловая ошибка:          0.01"

 2455197.5      113388.0000000000000     ( 2010  1  2    7h 29m 47.999985s)
     1  -173300.4388735470711       14130.62615790827476       32468.76684129087153    
       -0.6643036099606678402     -0.2224332944697229031     -0.5110980005536248649    
 -0.8301934470050859050      0.5574745125298808945      0.1004205848121414880E-02
 -0.5574747833907458539     -0.8301938723781343565      0.1221633757418176604E-04
  0.8404958385508049879E-03 -0.5496775142606424684E-03  0.9999994957105606819    
Прогнозируемая угловая ошибка:          0.01"

 2455197.5      116824.0000000000000     ( 2010  1  2    8h 27m  4.000016s)
     1  -175509.7410567669722       13360.50572175431080       30699.21603711774151    
       -0.6217943935393427379     -0.2257841970944552412     -0.5187975656553039938    
 -0.6660479152297849037      0.7459082824810802093      0.1004362575033017476E-02
 -0.7459086504243169768     -0.6660482603170182481      0.1228201861719573701E-04
  0.6781152052404323645E-03 -0.7409823199847573880E-03  0.9999994955523577866    
Прогнозируемая угловая ошибка:          0.01"

 2455197.5      120260.0000000000000     ( 2010  1  2    9h 24m 20.000007s)
     1  -177574.2281995755038       12579.35762368707037       28904.32632867628854    
       -0.5799997681273545425     -0.2288552197382581477     -0.5258540341423819653    
 -0.4603069583089764438      0.8877592551526393150      0.1004501453061079196E-02
 -0.8877596972454697699     -0.4603072015441044273      0.1238010163151890842E-04
  0.4733698026086179816E-03 -0.8860572589265906622E-03  0.9999994954116546708    
Прогнозируемая угловая ошибка:          0.01"

 2455197.5      123696.0000000000000     ( 2010  1  2   10h 21m 35.999998s)
     1  -179496.2446379231114       11788.11356218550463       27086.23853409737785    
       -0.5388559073047289871     -0.2316634477468447750     -0.5323066640137733563    
 -0.2258193242519911381      0.9741686833105683840      0.1004615014545308469E-02
 -0.9741691719883266432     -0.2258194504270994163      0.1250524610129567165E-04
  0.2390438296045914392E-03 -0.9758410506624017608E-03  0.9999994952960183925    
Прогнозируемая угловая ошибка:          0.01"

 2455197.5      127132.0000000000000     ( 2010  1  2   11h 18m 51.999989s)
     1  -181277.9231313719938       10987.65007734963183       25246.96673087599265    
       -0.4983033887674890305     -0.2342239447463763391     -0.5381900678450386444    
  0.2277097560875454563E-01  0.9997402028792715667      0.1004697336813098821E-02
 -0.9997407076663209491      0.2277097439308287466E-01  0.1265042611671982841E-04
 -0.1023079775683269719E-04 -0.1004724889040542381E-02  0.9999994952114865665    
Прогнозируемая угловая ошибка:          0.01"

 2455197.5      130568.0000000000000     ( 2010  1  2   12h 16m  8.000020s)
     1  -182921.1990478376392       10178.79508029079079       23388.41325883337413    
       -0.4582866543735041320     -0.2365499887477726104     -0.5435347552990797970    
  0.2699392057350669116      0.9628768434726154846      0.1004744412351376475E-02
 -0.9628773328851724100      0.2699393295759414113      0.1280736331530307727E-04
 -0.2588881195032033183E-03 -0.9709028294770254185E-03  0.9999994951621911099    
Прогнозируемая угловая ошибка:          0.01"

 2455197.5      134004.0000000000000     ( 2010  1  2   13h 13m 24.000011s)
     1  -184427.8228073924547       9362.333636862238563       21512.38200973338826    
       -0.4187535348882244213     -0.2386532712047598481     -0.5483675905134681727    
  0.5002494318294180564      0.8658807633981360219      0.1004754400733831599E-02
 -0.8658812069101831099      0.5002496730150060023      0.1296703829608268789E-04
 -0.4914001514086802080E-03 -0.8764847066958430860E-03  0.9999994951500977836    
Прогнозируемая угловая ошибка:          0.01"

 2455197.5      137440.0000000000000     ( 2010  1  2   14h 10m 40.000002s)
     1  -185799.3707893980609       8539.013122128399118       19620.59027100821550    
       -0.3796548292351296650     -0.2405440651429108789     -0.5527121784203807842    
  0.6993185292281394183      0.7148094747555794326      0.1004727746471159155E-02
 -0.7148098447051128845      0.6993188727186696596      0.1312024892072000403E-04
 -0.6932465968116792963E-03 -0.7273645176043310161E-03  0.9999994951748797378    
Прогнозируемая угловая ошибка:          0.01"

 2455197.5      140876.0000000000000     ( 2010  1  2   15h  7m 55.999993s)
     1  -187037.2548751534778       7709.547843082084000       17714.67934764628444    
       -0.3409439297148258441     -0.2422313672839771503     -0.5565891913139976444    
  0.8547144132736259614      0.5190975461184810236      0.1004667155227022962E-02
 -0.5190978194350490682      0.8547148376400155456      0.1325818089348698000E-04
 -0.8518216352943322250E-03 -0.5328524878397888562E-03  0.9999994952339366083    
Прогнозируемая угловая ошибка:          0.01"

 2455197.5      144312.0000000000000     ( 2010  1  2   16h  5m 11.999984s)
     1  -188142.7307713034097       6874.623211886189893       15796.22415129401634    
       -0.3025764859991083022     -0.2437230181436731147     -0.5600166448062107172    
  0.9567324396437996148      0.2909674032557785783      0.1004577429641219941E-02
 -0.2909675629014229492      0.9567329184053249280      0.1337295524744592609E-04
 -0.9572212019625237064E-03 -0.3050937865477350796E-03  0.9999994953225487260    
Прогнозируемая угловая ошибка:          0.01"

 2455197.5      147748.0000000000000     ( 2010  1  2   17h  2m 28.000015s)
     1  -189116.9052364691452       6034.899539594428461       13866.74191730999519    
       -0.2645101017949282318     -0.2450258033247407485     -0.5630101305736265882    
  0.9990014702229360610      0.4466602223306796043E-01  0.1004465174703751207E-02
 -0.4466605826666485146E-01  0.9990019735004519452      0.1345811870517448999E-04
 -0.1002861571212220176E-02 -0.5831018039312621369E-04  0.9999994954341688835    
Прогнозируемая угловая ошибка:          0.01"

 2455197.5      151184.0000000000000     ( 2010  1  2   17h 59m 44.000006s)
     1  -189960.7423141580366       5191.015510319572059       11927.70018756470199    
       -0.2267040589570978315     -0.2461455386174882243     -0.5655830118980564869    
  0.9788817564559385564     -0.2044247983541461477      0.1004338390753177447E-02
  0.2044248881556263164      0.9788822528374213627      0.1350904636664456880E-04
 -0.9858906106310399899E-03  0.1920880041646875916E-03  0.9999994955608240144    
Прогнозируемая угловая ошибка:          0.01"

 2455197.5      154620.0000000000000     ( 2010  1  2   18h 56m 59.999997s)
     1  -190675.0686583436618       4343.591387722673062       9980.524178178484362    
       -0.1891190645460598951     -0.2470871410241758659     -0.5677465868634042900    
  0.8976297975105814730     -0.4407490648787174559      0.1004205979150834182E-02
  0.4407492748808724548      0.8976302560125227759      0.1352323159539464188E-04
 -0.9073660218342870362E-03  0.4304642015030864374E-03  0.9999994956936096857    
Прогнозируемая угловая ошибка:          0.01"

 2455197.5      158056.0000000000000     ( 2010  1  2   19h 54m 15.999988s)
     1  -191260.5780236680876       3493.231999146918497       8026.603636340581033    
       -0.1517170169081104580     -0.2478546874162967373     -0.5695102231359341349    
  0.7603198678267354405     -0.6495480662868067245      0.1004077191193488046E-02
  0.6495483833491060288      0.7603202598289096059      0.1350044488702071952E-04
 -0.7721894187669791580E-03  0.6419320598252363508E-03  0.9999994958232388820    
Прогнозируемая угловая ошибка:          0.01"

 2455197.5      161492.0000000000000     ( 2010  1  2   20h 51m 32.000020s)
     1  -191717.8349795723043       2640.529537446319409       6067.299278234911981    
       -0.1144607873235677920     -0.2484514621952780833     -0.5708814674770537057    
  0.5755271215361205117     -0.8177820763739866994      0.1003961054357494029E-02
  0.8177824806698199556      0.5755274225689058776      0.1344275164984663877E-04
 -0.5888003593302727854E-03  0.8132850933658321724E-03  0.9999994959406199868    
Прогнозируемая угловая ошибка:          0.01"

 2455197.5      164928.0000000000000     ( 2010  1  2   21h 48m 48.000011s)
     1  -192047.2778964588360       1786.066216353730852       4103.948890434599889    
       -0.7731401414183736165E-01 -0.2488799950419235130     -0.5718661324824170222    
  0.3547920737337607044     -0.9349446917701230708      0.1003865811469767952E-02
  0.9349451580244101390      0.3547922650063996541      0.1335438754467382669E-04
 -0.3686494387605513561E-03  0.9338214488894961470E-03  0.9999994960374194441    
Прогнозируемая угловая ошибка:          0.01"

 2455197.5      168364.0000000000000     ( 2010  1  2   22h 46m  4.000002s)
     1  -192249.2212419279094       930.4168119332448441       2137.873169545895507    
       -0.4024090661533083479E-01 -0.2491420895956621417     -0.5724683624799142834    
  0.1118998696689632033     -0.9937189801733818939      0.1003798407624423121E-02
  0.9937194792404987487      0.1118999392433018408      0.1324149887214872577E-04
 -0.1254833095808219605E-03  0.9960123088889767922E-03  0.9999994961065827859    
Прогнозируемая угловая ошибка:          0.01"

 2455197.5      171800.0000000000000     ( 2010  1  2   23h 43m 19.999993s)
     1  -192323.8572159516043       74.15112014630440740       170.3813691016903249    
       -0.3206055867632627392E-02 -0.2492388436913349214     -0.5726906800289197630    
 -0.1379806046610499992     -0.9904344224607144476      0.1003764056808690002E-02
  0.9904349231442141077     -0.1379806611246515990      0.1311176389756996613E-04
  0.1255136858682114845E-03  0.9959721455710113247E-03  0.9999994961427727258    
Прогнозируемая угловая ошибка:          0.01"

 2455197.5      175236.0000000000000     ( 2010  1  3    0h 40m 35.999984s)
     1  -192271.2567453336669      -782.1636412629858341      -1797.223181486015619    
        0.3382574940673079011E-01 -0.2491706615904943911     -0.5725340140248658116    
 -0.3792440380750698448     -0.9252961428853481163      0.1003765915261111037E-02
  0.9252966138858611522     -0.3792442170462681506      0.1297391841502867882E-04
  0.3686677019633434493E-03  0.9337014837345421116E-03  0.9999994961427054463    
Прогнозируемая угловая ошибка:          0.01"

 2455197.5      178672.0000000000000     ( 2010  1  3    1h 37m 52.000015s)
     1  -192091.3698497443111      -1637.960459554621139      -3763.637623855143374    
        0.7088970480728239154E-01 -0.2489372584689016898     -0.5719977100104267631    
 -0.5968232654541770765     -0.8023720970898551297      0.1003804882035840050E-02
  0.8023725089595425963     -0.5968235557525981561      0.1283721483771151702E-04
  0.5887941759882512217E-03  0.8130869901837657924E-03  0.9999994961053552123    
Прогнозируемая угловая ошибка:          0.01"

 2455197.5      182108.0000000000000     ( 2010  1  3    2h 35m  8.000006s)
     1  -191784.0253838377830      -2492.670156054765812      -5727.554122850667227    
        0.1080211718993707576     -0.2485376572557659591     -0.5710795229128549089    
 -0.7771302190421192080     -0.6293390301557804101      0.1003879539370849472E-02
  0.6293393571372930539     -0.7771306025350260827      0.1271084829355001500E-04
  0.7721460783663387306E-03  0.6416588882695022523E-03  0.9999994960320255366    
Прогнозируемая угловая ошибка:          0.01"

 2455197.5      185544.0000000000000     ( 2010  1  3    3h 32m 23.999997s)
     1  -191348.9301522778405      -3345.718991144792653      -7687.654363367750193    
        0.1452558619304538390     -0.2479701777574550847     -0.5697755920528939644    
 -0.9089045334672349874     -0.4170030468166202597      0.1003986236812835081E-02
  0.4170032684517180344     -0.9089049862013843795      0.1260338527544372790E-04
  0.9072724466566638949E-03  0.4301208162454272415E-03  0.9999994959262682448    
Прогнозируемая угловая ошибка:          0.01"

 2455197.5      188980.0000000000000     ( 2010  1  3    4h 29m 39.999988s)
     1  -190785.6673867436184      -4196.526218315617371      -9642.603930159208176    
        0.1826300238742036841     -0.2472324178332523936     -0.5680803978912126739    
 -0.9839167574792285764     -0.1786247633895249598      0.1004119314116135812E-02
  0.1786248657968951548     -0.9839172511762537265      0.1252223036078103146E-04
  0.9857335349628241778E-03  0.1916815100210872088E-03  0.9999994957936712003    
Прогнозируемая угловая ошибка:          0.01"

 2455197.5      192416.0000000000000     ( 2010  1  3    5h 26m 56.000019s)
     1  -190093.6945659919002      -5044.501559332416946      -11591.04650637370287    
        0.2201806391828111664     -0.2463212262174604428     -0.5659866995801628997    
 -0.9974822947614782054      0.7090883637623762725E-01  0.1004271449324522624E-02
 -0.7090885963377988044E-01 -0.9974827985834426869      0.1247316414789542302E-04
  0.1002627953365328164E-02 -0.5876998283724137396E-04  0.9999994956415109160    
Прогнозируемая угловая ошибка:          0.01"

 2455197.5      195852.0000000000000     ( 2010  1  3    6h 24m 12.000010s)
     1  -189272.3405516270141      -5889.042570843741487      -13531.59782265934700    
        0.2579456257798421470     -0.2452326663945595120     -0.5634854519576159015    
 -0.9487539622369398629      0.3160140981852303521      0.1004434110627949522E-02
 -0.3160142456983310866     -0.9487544447118357871      0.1245998124043053145E-04
  0.9568988566135821225E-03 -0.3055940312524018862E-03  0.9999994954783057999    
Прогнозируемая угловая ошибка:          0.01"

 2455197.5      199288.0000000000000     ( 2010  1  3    7h 21m 28.000001s)
     1  -188320.8020031832566      -6729.531870378697931      -15462.83928317507161    
        0.2959640540382709739     -0.2439619707252595471     -0.5605657001397074124    
 -0.8407748985334840830      0.5413839310311115982      0.1004598084145341512E-02
 -0.5413841936314277570     -0.8407753295204326571      0.1248425092031009781E-04
  0.8514000580721248950E-03 -0.5333770789078917489E-03  0.9999994953132891329    
Прогнозируемая угловая ошибка:          0.01"

 2455197.5      202724.0000000000000     ( 2010  1  3    8h 18m 43.999992s)
     1  -187238.1390262322966      -7565.334186520168259      -17383.31118760096433    
        0.3342763777685853199     -0.2425034837830490619     -0.5572144493219085559    
 -0.6802885152565106841      0.7329437403234996262      0.1004754044958600708E-02
 -0.7329441016557561861     -0.6802888678279649382      0.1254521559312074952E-04
  0.6927179289304352065E-03 -0.7278941847777579618E-03  0.9999994951558360823    
Прогнозируемая угловая ошибка:          0.01"

 2455197.5      206160.0000000000000     ( 2010  1  3    9h 15m 59.999983s)
     1  -186023.2699962435290      -8395.793194003497774      -19291.50545895925461    
        0.3729246836004664889     -0.2408505935835396627     -0.5534165067606660049    
 -0.4773173640217320268      0.8787304047278268193      0.1004893136041572514E-02
 -0.8787308422706973099     -0.4773176161451254118      0.1263983354712355026E-04
  0.4907602022245620985E-03 -0.8769973797954440289E-03  0.9999994950148822781    
Прогнозируемая угловая ошибка:          0.01"

 2455197.5      209596.0000000000000     ( 2010  1  3   10h 13m 16.000014s)
     1  -184674.9654885533964      -9220.228089415055365      -21185.85777539647461    
        0.4119529625920774207     -0.2389956490606274520     -0.5491542921535476074    
 -0.2445372142093759360      0.9696393870025105111      0.1005007519140091194E-02
 -0.9696398734745943493     -0.2445373501232057656      0.1276296362310167137E-04
  0.2581373478082710335E-03 -0.9713743441305609620E-03  0.9999994948983690346    
Прогнозируемая угловая ошибка:          0.01"

 2455197.5      213032.0000000000000     ( 2010  1  3   11h 10m 32.000005s)
     1  -183191.8412306992104      -10037.92985685369604      -23064.73898957523124    
        0.4514074084609751014     -0.2369298617493565406     -0.5444076117302023565    
  0.3514551699608859867E-02  0.9999933188370344617      0.1005090863341230253E-02
 -0.9999938239001563423      0.3514540501212686831E-02  0.1290768056712699694E-04
  0.9375161782319848218E-05 -0.1005130020510382150E-02  0.9999994948127466365    
Прогнозируемая угловая ошибка:          0.01"

 2455197.5      216468.0000000000000     ( 2010  1  3   12h  7m 47.999996s)
     1  -181572.3499771267525      -10848.15716511304345      -24926.44570138974450    
        0.4913367475225827175     -0.2346431891565077255     -0.5391533902661360678    
  0.2513468299593625277      0.9678965651171053119      0.1005138740903653571E-02
 -0.9678970572705930531      0.2513469441950980654      0.1306570173590904862E-04
 -0.2399923031872124393E-03 -0.9761548521818301126E-03  0.9999994947625717723    
Прогнозируемая угловая ошибка:          0.01"

 2455197.5      219904.0000000000000     ( 2010  1  3   13h  5m  3.999987s)
     1  -179814.7721873924893      -11650.13182831263293      -26769.18982759235223    
        0.5317926062747567739     -0.2321241967121244754     -0.5333653538806514272    
  0.4834822214921541406      0.8753536035092841505      0.1005148905580461292E-02
 -0.8753540520569438321      0.4834824540482435817      0.1322789881838277309E-04
 -0.4743927706564395638E-03 -0.8862566213268334957E-03  0.9999994947502224285    
Прогнозируемая угловая ошибка:          0.01"

 2455197.5      223340.0000000000000     ( 2010  1  3   14h  2m 20.000018s)
     1  -177917.2053668354347      -12443.03375002562461      -28591.08698461979293    
        0.5728299236169753783     -0.2293598944670193762     -0.5270136548071503446    
  0.6854236172429098994      0.7281438420096294495      0.1005121435966221119E-02
 -0.7281442189765909845      0.6854239536168946767      0.1338486297254767403E-04
 -0.6791882029554254180E-03 -0.7410476641632257134E-03  0.9999994947757445685    
Прогнозируемая угловая ошибка:          0.01"

 2455197.5      226776.0000000000000     ( 2010  1  3   14h 59m 36.000009s)
     1  -175877.5519025338872      -13225.99525627002367      -30390.14346717545413    
        0.6145074159870439479     -0.2263355437916697299     -0.5200644272338716956    
  0.8445595496497574350      0.5354606959920947817      0.1005058734724836823E-02
 -0.5354609778718357749      0.8445599688557019480      0.1352748835351726361E-04
 -0.8415889353685649310E-03 -0.5495945023861219985E-03  0.9999994948368459147    
Прогнозируемая угловая ошибка:          0.01"

 2455197.5      230212.0000000000000     ( 2010  1  3   15h 56m 52.000000s)
     1  -173693.5051962540601      -13998.09470453686481      -32164.24156331929771    
        0.6568881052972355139     -0.2230344281865296041     -0.5124792606813295404    
  0.9509518068137824409      0.3093374389920820478      0.1004965383490089102E-02
 -0.3093376082145097850      0.9509522826923920702      0.1364753785605941374E-04
 -0.9514524310477714616E-03 -0.3238517388500529166E-03  0.9999994949290337276    
Прогнозируемая угловая ошибка:          0.01"

 2455197.5      233648.0000000000000     ( 2010  1  3   16h 54m  7.999991s)
     1  -171362.5338588608429      -14758.34923339456691      -33911.12289480944310    
        0.7000399215330874725     -0.2194375808603694911     -0.5042145740431189793    
  0.9979560749508793460      0.6389571777050781498E-01  0.1004847862204056750E-02
 -0.6389576379942442375E-01  0.9979565778027374989      0.1373815587405287841E-04
 -0.1001916724447141863E-02 -0.7791559777087389918E-04  0.9999994950458910292    
Прогнозируемая угловая ошибка:          0.01"

 2455197.5      237084.0000000000000     ( 2010  1  3   17h 51m 23.999982s)
     1  -168881.8636858212994      -15505.70648891645942      -35628.36940643037087    
        0.7440363943420286175     -0.2155234598747009234     -0.4952208691462448020    
  0.9826368856827218945     -0.1855363615177320347      0.1004714150082561481E-02
  0.1855364415263420774      0.9826373841226782035      0.1379429616266569130E-04
 -0.9898290277478795276E-03  0.1728563039360537742E-03  0.9999994951794696219    
Прогнозируемая угловая ошибка:          0.01"

 2455197.5      240520.0000000000000     ( 2010  1  3   18h 48m 40.000014s)
     1  -166248.4570791144215      -16239.03512862200296      -37313.38154634286184    
        0.7889574510159853560     -0.2112675592570705807     -0.4854418371833751911    
  0.9059509380318760963     -0.4233814931144065374      0.1004573232781644579E-02
  0.4233816941343969131      0.9059514009487970032      0.1381303807767943359E-04
 -0.9159427122799876971E-03  0.4128039823735731658E-03  0.9999994953207826942    
Прогнозируемая угловая ошибка:          0.01"

 2455197.5      243956.0000000000000     ( 2010  1  3   19h 45m 56.000005s)
     1  -163458.9895146814815      -16957.11385866440469      -38963.35307618825027    
        0.8348903421322929619     -0.2066419413740755995     -0.4748132842189463632    
  0.7726873557834775808     -0.6347859807238813712      0.1004434546218084447E-02
  0.6347862901724051765      0.7726877542829874157      0.1379377135373612978E-04
 -0.7848703665182236609E-03  0.6269430066011108570E-03  0.9999994954603597108    
Прогнозируемая угловая ошибка:          0.01"

 2455197.5      247392.0000000000000     ( 2010  1  3   20h 43m 11.999996s)
     1  -160509.8225734521984      -17658.61870277222260      -40575.24181819034857    
        0.8819307209838208594     -0.2016146717779324082     -0.4632618326030437106    
  0.5911685960640731263     -0.8065473838493907310      0.1004307391450353975E-02
  0.8065477823722680961      0.5911689052729659499      0.1373823772052198115E-04
 -0.6047958408533676052E-03  0.8019002846887793084E-03  0.9999994955888349413    
Прогнозируемая угловая ошибка:          0.01"

 2455197.5      250828.0000000000000     ( 2010  1  3   21h 40m 27.999987s)
     1  -157396.9729540231638      -18342.10812808228002      -42145.73547791117744    
