 2455197.5      0.000000000000000000     ( 2010  1  1    0h  0m  0.000000s)
     1   13617.67759490000026     -0.8099630208509999221E-02 -0.8099630208509999221E-02
        0.3060268289970000073E-04   2.953796065810000204       6.787070402220000354    
 -0.1760171925938024129     -0.9843865818035654192      0.1002734505629329122E-02
  0.9843870788319664111     -0.1760172686724336966      0.1256041351215987402E-04
  0.1641342863611954417E-03  0.9892897395647006799E-03  0.9999994971827472767    
Прогнозируемая угловая ошибка:          0.00"

 2455197.5      3436.000000000000000     ( 2010  1  1    0h 57m 15.999991s)
     1   2475305.922435332090       14205.14517135525602       64676.81779808929423    
         718.6915034992684923       4.140636807654198392       18.89352252107776664    
 -0.4145933887109182203     -0.9100062178425367687      0.1002758754304980534E-02
  0.9100066804544452159     -0.4145935857848613848      0.1242305286216882977E-04
  0.4044322922754049212E-03  0.9176676808859240801E-03  0.9999994971601476879    
Прогнозируемая угловая ошибка:  NaN         "

 2455197.5      6872.000000000000000     ( 2010  1  1    1h 54m 31.999982s)
     1   4944729.820594210178       28432.37262294109678       129594.9653224573995    
         718.6914438036059209       4.140636464694956054       18.89352379807878535    
 -0.6272777705045546881     -0.7787949620958671826      0.1002818494337110030E-02
  0.7787953613639221340     -0.6272780762684073697      0.1228998796221773090E-04
  0.6194746752649472150E-03  0.7886996279281795240E-03  0.9999994971018855150    
Прогнозируемая угловая ошибка:  NaN         "

 2455197.5      10308.00000000000000     ( 2010  1  1    2h 51m 48.000013s)
     1   7414153.560181856155       42659.59916295191942       194513.1121077847492    
         718.6914117399885527       4.140636280268129354       18.89352324441390607    
 -0.8007879655501315419     -0.5989470998329781137      0.1002911634028823794E-02
  0.5989474107827476024     -0.8007883609097574684      0.1216989745033549366E-04
  0.7958308387681076786E-03  0.6104368338656902641E-03  0.9999994970099475022    
Прогнозируемая угловая ошибка:  NaN         "

 2455197.5      13744.00000000000000     ( 2010  1  1    3h 49m  4.000004s)
     1   9883577.218396114185       56886.82523479381052       259431.2572652040981    
         718.6913943505578573       4.140636180196654692       18.89352285811162346    
 -0.9242880667865666089     -0.3816943325735262516      0.1003033998354648263E-02
  0.3816945357434952113     -0.9242885270508639506      0.1207068162967870851E-04
  0.9224855061528325524E-03  0.3940093833251546735E-03  0.9999994968884218238    
Прогнозируемая угловая ошибка:  NaN         "

 2455197.5      17180.00000000000000     ( 2010  1  1    4h 46m 19.999995s)
     1   12353000.82960425690       71114.05103609230719       324349.4013356250944    
         718.6913836013198988       4.140636118321405768       18.89352260088045909    
 -0.9900653589878134486     -0.1406043333722450106      0.1003179584276221248E-02
  0.1406044160296675005     -0.9900658554101243736      0.1199897086986981211E-04
  0.9915267459360973482E-03  0.1529312450218134160E-03  0.9999994967432463966    
Прогнозируемая угловая ошибка:  NaN         "

 2455197.5      20616.00000000000000     ( 2010  1  1    5h 43m 35.999986s)
     1   14822424.41043136641       85341.27666249568574       389267.5446661902242    
         718.6913763312488754       4.140636076466207349       18.89352242101526258    
 -0.9940119777220102204      0.1092665614548049835      0.1003340929880638336E-02
 -0.1092666045181482359     -0.9940124792949234234      0.1195971198286753335E-04
  0.9986402018930693944E-03 -0.9774355962120369573E-04  0.9999994965818450599    
Прогнозируемая угловая ошибка:  NaN         "

 2455197.5      24052.00000000000000     ( 2010  1  1    6h 40m 52.000017s)
     1   17291847.97005901113       99568.50216684279440       454185.6874673416605    
         718.6913710961406423       4.140636046323280084       18.89352228913928400    
 -0.9358814512663594654      0.3523136417229771888      0.1003509574650062646E-02
 -0.3523138078648454519     -0.9358819266578609630      0.1195585833825361058E-04
  0.9433786861342283517E-03 -0.3423610134209405850E-03  0.9999994964126688313    
Прогнозируемая угловая ошибка:  NaN         "

 2455197.5      27488.00000000000000     ( 2010  1  1    7h 38m  8.000008s)
     1   19761271.51406889409       113795.7275812615699       519103.8298728498048    
         718.6913671500627743       4.140636023600519522       18.89352218864179989    
 -0.8193040964593009123      0.5733583435848182974      0.1003676582444377238E-02
 -0.5733586224767930339     -0.8193045159693662649      0.1198818313292483468E-04
  0.8291902813930963727E-03 -0.5656446551725667193E-03  0.9999994962446736579    
Прогнозируемая угловая ошибка:  NaN         "

 2455197.5      30924.00000000000000     ( 2010  1  1    8h 35m 23.999999s)
     1   22230695.04610086977       128022.9529267056205       584021.9719721876318    
         718.6913640706528668       4.140636005867195379       18.89352210965292045    
 -0.6515602973477648829      0.7585961845667363868      0.1003833094887722878E-02
 -0.7585965588385151781     -0.6515606347632081352      0.1205522759747333583E-04
  0.6632031781609453195E-03 -0.7536496237519891943E-03  0.9999994960867675253    
Прогнозируемая угловая ошибка:  NaN         "

 2455197.5      34360.00000000000000     ( 2010  1  1    9h 32m 39.999990s)
     1   24700118.56865787506       142250.1782175850531       648940.1138278711587    
         718.6913616013863475       4.140635991646788305       18.89352204600015384    
 -0.4431258391701410337      0.8964588572278310297      0.1003970880838950903E-02
 -0.8964593035513235275     -0.4431260734018826475      0.1215338758834737313E-04
  0.4557806861849571386E-03 -0.8946335565488156439E-03  0.9999994959472554568    
Прогнозируемая угловая ошибка:  NaN         "

 2455197.5      37796.00000000000000     ( 2010  1  1   10h 29m 55.999981s)
     1   27169542.08353389055       156477.4034642290499       713858.2554851932218    
         718.6913595776575221       4.140635979991751370       18.89352199364567042    
 -0.2070176836951315158      0.9783366856328843397      0.1004082847879108828E-02
 -0.9783371761784595000     -0.2070178000956197084      0.1227713342161800006E-04
  0.2198741923024303028E-03 -0.9797899943199189429E-03  0.9999994958333263684    
Прогнозируемая угловая ошибка:  NaN         "

 2455197.5      41232.00000000000000     ( 2010  1  1   11h 27m 12.000013s)
     1   29638965.59205814824       170704.6286742915108       778776.3969779706094    
         718.6913578890756753       4.140635970266568933       18.89352194984488875    
  0.4201895732672630140E-01  0.9991163089855314983      0.1004163484007147269E-02
 -0.9991168131595006274      0.4201896604824062464E-01  0.1241934953668318115E-04
 -0.2978553667213415195E-04 -0.1003798468150576221E-02  0.9999994957506015414    
Прогнозируемая угловая ошибка:  NaN         "

 2455197.5      44668.00000000000000     ( 2010  1  1   12h 24m 28.000004s)
     1   32108389.09524274245       184931.8538536003907       843694.5383320966503    
         718.6913564588789995       4.140635962029297623       18.89352191267054337    
  0.2884314652332862217      0.9575000164111009404      0.1004209202018908377E-02
 -0.9575005027659626577      0.2884315985548036587      0.1257177311197252769E-04
 -0.2776081924607260560E-03 -0.9651569107545781992E-03  0.9999994957027874554    
Прогнозируемая угловая ошибка:  NaN         "

 2455197.5      48104.00000000000000     ( 2010  1  1   13h 21m 43.999995s)
     1   34577812.59387595206       199159.0790066951013       908612.6795678248163    
         718.6913552320532972       4.140635954963183707       18.89352188073116778    
  0.5168311100417548598      0.8560867918839077939      0.1004218565051230279E-02
 -0.8560872300820773217      0.5168313596604389160      0.1272550460509736225E-04
 -0.5081175099591973615E-03 -0.8662756264226022761E-03  0.9999994956914404209    
Прогнозируемая угловая ошибка:  NaN         "

 2455197.5      51540.00000000000000     ( 2010  1  1   14h 18m 59.999986s)
     1   37047236.08858363330       213386.3041371798608       973530.8207012891071    
         718.6913541681491324       4.140635948835321045       18.89352185299783926    
  0.7129540820641284693      0.7012100031130205080      0.1004192379077485219E-02
 -0.7012103658214147162      0.7129544324141066092      0.1287155863855323007E-04
 -0.7069177419867357735E-03 -0.7133269357618994121E-03  0.9999994957158673259    
Прогнозируемая угловая ошибка:  NaN         "

 2455197.5      54976.00000000000000     ( 2010  1  1   15h 16m 16.000017s)
     1   39516659.57987098396       227613.5292479640048       1038448.961745546898    
         718.6913532367660764       4.140635943470656777       18.89352182869375341    
  0.8645522868963766427      0.5025418738153724085      0.1004133646404490633E-02
 -0.5025421384125342561      0.8645527161201451705      0.1300142113403102211E-04
 -0.8615927128076168598E-03 -0.5158598782905083778E-03  0.9999994957731644929    
Прогнозируемая угловая ошибка:  NaN         "

 2455197.5      58412.00000000000000     ( 2010  1  1   16h 13m 32.000008s)
     1   41986083.06815161556       241840.7543414296233       1103367.102711311541    
         718.6913524146173131       4.140635938735097277       18.89352180722173102    
  0.9621582459402445719      0.2724894523794358925      0.1004047382819204821E-02
 -0.2724896023685797752      0.9621587272530474078      0.1310757812889675542E-04
 -0.9624812751686868300E-03 -0.2862040364847450477E-03  0.9999994958583950933    
Прогнозируемая угловая ошибка:  NaN         "

 2455197.5      61848.00000000000000     ( 2010  1  1   17h 10m 47.999999s)
     1   44455506.55376843363       256067.9794195516733       1168285.243607480545    
         718.6913516835656992       4.140635934524197204       18.89352178811527239    
  0.9996763614768520156      0.2541976412669630717E-01  0.1003940309489790607E-02
 -0.2541979016640001296E-01  0.9996768648388731915      0.1318398343043599044E-04
 -0.1003280767327069996E-02 -0.3869966859232473657E-04  0.9999994959648917936    
Прогнозируемая угловая ошибка:  NaN         "

 2455197.5      65284.00000000000000     ( 2010  1  1   18h  8m  3.999990s)
     1   46924930.03700888902       270295.2044839856680       1233203.384441522881    
         718.6913510292760066       4.140635930755405703       18.89352177100475672    
  0.9747635858199511505     -0.2232374164515381620      0.1003820438539943611E-02
  0.2232375159633821771      0.9747640798119099337      0.1322643596077942798E-04
 -0.9814407414624999951E-03  0.2111977330282795867E-03  0.9999994960846675385    
Прогнозируемая угловая ошибка:  NaN         "

 2455197.5      68720.00000000000000     ( 2010  1  1   19h  5m 19.999981s)
     1   49394353.51811630279       284522.4295361330151       1298121.525219769450    
         718.6913504402690478       4.140635927362612101       18.89352175559359281    
  0.8889757492848650022     -0.4579531742182736398      0.1003696577822069157E-02
  0.4579533930437535982      0.8889762030699160933      0.1323284324584708528E-04
 -0.8983223953549787991E-03  0.4478825766602226440E-03  0.9999994962089090444    
Прогнозируемая угловая ошибка:  NaN         "

 2455197.5      72156.00000000000000     ( 2010  1  1   20h  2m 36.000012s)
     1   51863776.99729847163       298749.6545771904639       1363039.665947631001    
         718.6913499072439890       4.140635924292256576       18.89352174164107012    
  0.7476703949211391809     -0.6640692534593785057      0.1003577785484091687E-02
  0.6640695779094358819      0.7476707801705608780      0.1320335449534201017E-04
 -0.7591137275975928063E-03  0.6565737191359169705E-03  0.9999994963285229188    
Прогнозируемая угловая ошибка:  NaN         "

 2455197.5      75592.00000000000000     ( 2010  1  1   20h 59m 52.000003s)
     1   54333200.47473423183       312976.8796081881737       1427957.806629769970    
         718.6913494225861996       4.140635921500482652       18.89352172894980342    
  0.5596722012292388859     -0.8287134729286964596      0.1003472808098066155E-02
  0.8287138827173230471      0.5596724938916598502      0.1314035479763001616E-04
 -0.5725057181205487657E-03  0.8242375557056953435E-03  0.9999994964347005411    
Прогнозируемая угловая ошибка:  NaN         "

 2455197.5      79028.00000000000000     ( 2010  1  1   21h 57m  7.999994s)
     1   56802623.95057862997       327204.1046300191083       1492875.947270230623    
         718.6913489800012940       4.140635918951040217       18.89352171735643537    
  0.3367218613810238348     -0.9416036221667456463      0.1003389537168769465E-02
  0.9416040916772140390      0.3367220431846864592      0.1304832054963083962E-04
 -0.3501497209583436009E-03  0.9404020389608469315E-03  0.9999994965194622942    
Прогнозируемая угловая ошибка:  NaN         "

 2455197.5      82464.00000000000000     ( 2010  1  1   22h 54m 23.999985s)
     1   59272047.42496695369       341431.3296434624353       1557794.087872544071    
         718.6913485742410330       4.140635916613702783       18.89352170672460929    
  0.9274286996276943917E-01 -0.9956895868647588355      0.1003334517808076622E-02
  0.9956900867488380769      0.9274292955700134955E-01  0.1293354486053626293E-04
 -0.1059299784460429323E-03  0.9978107390052706228E-03  0.9999994965761578314    
Прогнозируемая угловая ошибка:  NaN         "

 2455197.5      85900.00000000000000     ( 2010  1  1   23h 51m 40.000016s)
     1   61741470.89801792055       355658.5546492021531       1622712.228439811384    
         718.6913482008950496       4.140635914463069334       18.89352169693961869    
 -0.1570280188570736812     -0.9875936384251214895      0.1003312540132952815E-02
  0.9875941374354362257     -0.1570280851924933108      0.1280374974498486039E-04
  0.1449033452305852131E-03  0.9928761301071524405E-03  0.9999994965998788565    
Прогнозируемая угловая ошибка:  NaN         "

 2455197.5      89336.00000000000000     ( 2010  1  2    0h 48m 56.000007s)
     1   64210894.36983633041       369885.7796478417586       1687630.368974771118    
         718.6913478562298678       4.140635912477637959       18.89352168790428621    
 -0.3969923318147777769     -0.9178213779469963640      0.1003326338894480751E-02
  0.9178218448881325653     -0.3969925199366813873      0.1266760898927584131E-04
  0.3866864492587207915E-03  0.9259037750201642037E-03  0.9999994965877680997    
Прогнозируемая угловая ошибка:  NaN         "

 2455197.5      92772.00000000000000     ( 2010  1  2    1h 46m 11.999998s)
     1   66680317.84051512182       384113.0046399165876       1752548.509479853092    
         718.6913475370638480       4.140635910639082873       18.89352167953573414    
 -0.6121640358639975910     -0.7907301603141628776      0.1003376420159120220E-02
  0.7907305659906818107     -0.6121643340239200093      0.1253421112417818387E-04
  0.6043200792504394231E-03  0.8010733978822268597E-03  0.9999994965391997281    
Прогнозируемая угловая ошибка:  NaN         "

 2455197.5      96208.00000000000000     ( 2010  1  2    2h 43m 27.999989s)
     1   69149741.31013710797       398340.2296259036520       1817466.649957222864    
         718.6913472406694154       4.140635908931693088       18.89352167176285491    
 -0.7891054208045342744     -0.6142569722216165706      0.1003461026020675178E-02
  0.6142572912613328828     -0.7891058103817384373      0.1241249576193127750E-04
  0.7842124640601201438E-03  0.6261780194212025145E-03  0.9999994964558228672    
Прогнозируемая угловая ошибка:  NaN         "

 2455197.5      99644.00000000000000     ( 2010  1  2    3h 40m 43.999980s)
     1   71619164.77877637744       412567.4546062297886       1882384.790408819215    
         718.6913469646939348       4.140635907341921218       18.89352166452429671    
 -0.9167663020239666949     -0.3994227588758956227      0.1003576239764171355E-02
  0.3994229713145519556     -0.9167667586876723229      0.1231069821034297868E-04
  0.9151281633816821769E-03  0.4121374369009565223E-03  0.9999994963414620130    
Прогнозируемая угловая ошибка:  NaN         "

 2455197.5      103080.0000000000000     ( 2010  1  2    4h 38m  0.000012s)
     1   74088588.24649952352       426794.6795812785276       1947302.930836384650    
         718.6913467070984325       4.140635905858019328       18.89352165776684700    
 -0.9871741171808152693     -0.1596441509170241912      0.1003716225199448916E-02
  0.1596442434453873016     -0.9871746124090888808      0.1223583685443868417E-04
  0.9888897957945970603E-03  0.1723164188505533297E-03  0.9999994962018849964    
Прогнозируемая угловая ошибка:  NaN         "

 2455197.5      106516.0000000000000     ( 2010  1  2    5h 35m 16.000003s)
     1   76558011.71336656809       441021.9045513956225       2012221.071241490776    
         718.6913464661064381       4.140635904469758266       18.89352165144412155    
 -0.9959318189374772867      0.9010440758205169598E-01  0.1003873585529733168E-02
 -0.9010444078657216249E-01 -0.9959323217979536569      0.1219327519773497676E-04
  0.1000888818666448125E-02 -0.7830979729800659965E-04  0.9999994960444471559    
Прогнозируемая угловая ошибка:  NaN         "

 2455197.5      109952.0000000000000     ( 2010  1  2    6h 32m 31.999994s)
     1   79027435.17943182588       455249.1295168939978       2077139.211625559954    
         718.6913462401630568       4.140635903168180754       18.89352164551550928    
 -0.9424924803358794012      0.3342258464187979894      0.1004039819712258330E-02
 -0.3342260033279820797     -0.9424929594171488345      0.1218638585913065268E-04
  0.9503734661818156060E-03 -0.3240906390898886172E-03  0.9999994958776390330    
Прогнозируемая угловая ошибка:  NaN         "

 2455197.5      113388.0000000000000     ( 2010  1  2    7h 29m 47.999985s)
     1   81496858.64474461973       469476.3544780575903       2142057.351989883464    
         718.6913460279017727       4.140635901945416641       18.89352163994530542    
 -0.8301934470050859050      0.5574745125298808945      0.1004205848121414880E-02
 -0.5574747833907458539     -0.8301938723781343565      0.1221633757418176604E-04
  0.8404958385508049879E-03 -0.5496775142606424684E-03  0.9999994957105606819    
Прогнозируемая угловая ошибка:  NaN         "

 2455197.5      116824.0000000000000     ( 2010  1  2    8h 27m  4.000016s)
     1   83966282.10934984684       483703.5794351451332       2206975.492335638031    
         718.6913458281167095       4.140635900794519486       18.89352163470198320    
 -0.6660479152297849037      0.7459082824810802093      0.1004362575033017476E-02
 -0.7459086504243169768     -0.6660482603170182481      0.1228201861719573701E-04
  0.6781152052404323645E-03 -0.7409823199847573880E-03  0.9999994955523577866    
Прогнозируемая угловая ошибка:  NaN         "

 2455197.5      120260.0000000000000     ( 2010  1  2    9h 24m 20.000007s)
     1   86435705.57328851521       497930.8043883927749       2271893.632663898170    
         718.6913456397395521       4.140635899709334211       18.89352162975760763    
 -0.4603069583089764438      0.8877592551526393150      0.1004501453061079196E-02
 -0.8877596972454697699     -0.4603072015441044273      0.1238010163151890842E-04
  0.4733698026086179816E-03 -0.8860572589265906622E-03  0.9999994954116546708    
Прогнозируемая угловая ошибка:  NaN         "

 2455197.5      123696.0000000000000     ( 2010  1  2   10h 21m 35.999998s)
     1   88905129.03659811616       512158.0293380166404       2336811.772975646891    
         718.6913454618203332       4.140635898684392302       18.89352162508734168    
 -0.2258193242519911381      0.9741686833105683840      0.1004615014545308469E-02
 -0.9741691719883266432     -0.2258194504270994163      0.1250524610129567165E-04
  0.2390438296045914392E-03 -0.9758410506624017608E-03  0.9999994952960183925    
Прогнозируемая угловая ошибка:  NaN         "

 2455197.5      127132.0000000000000     ( 2010  1  2   11h 18m 51.999989s)
     1   91374552.49931314588       526385.2542842152761       2401729.913271787111    
         718.6913452935119722       4.140635897714812330       18.89352162066901286    
  0.2277097560875454563E-01  0.9997402028792715667      0.1004697336813098821E-02
 -0.9997407076663209491      0.2277097439308287466E-01  0.1265042611671982841E-04
 -0.1023079775683269719E-04 -0.1004724889040542381E-02  0.9999994952114865665    
Прогнозируемая угловая ошибка:  NaN         "

 2455197.5      130568.0000000000000     ( 2010  1  2   12h 16m  8.000020s)
     1   93843975.96146526933       540612.4792271712795       2466648.053553150035    
         718.6913451340562915       4.140635896796228010       18.89352161648278283    
  0.2699392057350669116      0.9628768434726154846      0.1004744412351376475E-02
 -0.9628773328851724100      0.2699393295759414113      0.1280736331530307727E-04
 -0.2588881195032033183E-03 -0.9709028294770254185E-03  0.9999994951621911099    
Прогнозируемая угловая ошибка:  NaN         "

 2455197.5      134004.0000000000000     ( 2010  1  2   13h 13m 24.000011s)
     1   96313399.42308373749       554839.7041670528706       2531566.193820502143    
         718.6913449827728755       4.140635895924720700       18.89352161251084539    
  0.5002494318294180564      0.8658807633981360219      0.1004754400733831599E-02
 -0.8658812069101831099      0.5002496730150060023      0.1296703829608268789E-04
 -0.4914001514086802080E-03 -0.8764847066958430860E-03  0.9999994951500977836    
Прогнозируемая угловая ошибка:  NaN         "

 2455197.5      137440.0000000000000     ( 2010  1  2   14h 10m 40.000002s)
     1   98782822.88419555128       569066.9291040158132       2596484.334074551240    
         718.6913448390494068       4.140635895096759889       18.89352160873716358    
  0.6993185292281394183      0.7148094747555794326      0.1004727746471159155E-02
 -0.7148098447051128845      0.6993188727186696596      0.1312024892072000403E-04
 -0.6932465968116792963E-03 -0.7273645176043310161E-03  0.9999994951748797378    
Прогнозируемая угловая ошибка:  NaN         "

 2455197.5      140876.0000000000000     ( 2010  1  2   15h  7m 55.999993s)
     1   101252246.3448257148       583294.1540382041130       2661402.474315953907    
         718.6913447023329127       4.140635894309165010       18.89352160514726009    
  0.8547144132736259614      0.5190975461184810236      0.1004667155227022962E-02
 -0.5190978194350490682      0.8547148376400155456      0.1325818089348698000E-04
 -0.8518216352943322250E-03 -0.5328524878397888562E-03  0.9999994952339366083    
Прогнозируемая угловая ошибка:  NaN         "

 2455197.5      144312.0000000000000     ( 2010  1  2   16h  5m 11.999984s)
     1   103721669.8049974442       597521.3789697512984       2726320.614545318764    
         718.6913445721233984       4.140635893559052150       18.89352160172803607    
  0.9567324396437996148      0.2909674032557785783      0.1004577429641219941E-02
 -0.2909675629014229492      0.9567329184053249280      0.1337295524744592609E-04
 -0.9572212019625237064E-03 -0.3050937865477350796E-03  0.9999994953225487260    
Прогнозируемая угловая ошибка:  NaN         "

 2455197.5      147748.0000000000000     ( 2010  1  2   17h  2m 28.000015s)
     1   106191093.2647322863       611748.6038987818174       2791238.754763211124    
         718.6913444479670261       4.140635892843810062       18.89352159846760415    
  0.9990014702229360610      0.4466602223306796043E-01  0.1004465174703751207E-02
 -0.4466605826666485146E-01  0.9990019735004519452      0.1345811870517448999E-04
 -0.1002861571212220176E-02 -0.5831018039312621369E-04  0.9999994954341688835    
Прогнозируемая угловая ошибка:  NaN         "

 2455197.5      151184.0000000000000     ( 2010  1  2   17h 59m 44.000006s)
     1   108660516.7240503281       625975.8288254111540       2856156.894970157649    
         718.6913443294514536       4.140635892161061093       18.89352159535516407    
  0.9788817564559385564     -0.2044247983541461477      0.1004338390753177447E-02
  0.2044248881556263164      0.9788822528374213627      0.1350904636664456880E-04
 -0.9858906106310399899E-03  0.1920880041646875916E-03  0.9999994955608240144    
Прогнозируемая угловая ошибка:  NaN         "

 2455197.5      154620.0000000000000     ( 2010  1  2   18h 56m 59.999997s)
     1   111129940.1829703003       640203.0537497473415       2921075.035166650079    
         718.6913442162008323       4.140635891508641642       18.89352159238086770    
  0.8976297975105814730     -0.4407490648787174559      0.1004205979150834182E-02
  0.4407492748808724548      0.8976302560125227759      0.1352323159539464188E-04
 -0.9073660218342870362E-03  0.4304642015030864374E-03  0.9999994956936096857    
Прогнозируемая угловая ошибка:  NaN         "

 2455197.5      158056.0000000000000     ( 2010  1  2   19h 54m 15.999988s)
     1   113599363.6415096819       654430.2786718909629       2985993.175353146158    
         718.6913441078720552       4.140635890884574621       18.89352158953571603    
  0.7603198678267354405     -0.6495480662868067245      0.1004077191193488046E-02
  0.6495483833491060288      0.7603202598289096059      0.1350044488702071952E-04
 -0.7721894187669791580E-03  0.6419320598252363508E-03  0.9999994958232388820    
Прогнозируемая угловая ошибка:  NaN         "

 2455197.5      161492.0000000000000     ( 2010  1  2   20h 51m 32.000020s)
     1   116068787.0996848643       668657.5035919365473       3050911.315530077554    
         718.6913440041510057       4.140635890287051701       18.89352158681148097    
  0.5755271215361205117     -0.8177820763739866994      0.1003961054357494029E-02
  0.8177824806698199556      0.5755274225689058776      0.1344275164984663877E-04
 -0.5888003593302727854E-03  0.8132850933658321724E-03  0.9999994959406199868    
Прогнозируемая угловая ошибка:  NaN         "

 2455197.5      164928.0000000000000     ( 2010  1  2   21h 48m 48.000011s)
     1   118538210.5575111508       682884.7285099721048       3115829.455697844736    
         718.6913439047498287       4.140635889714414652       18.89352158420062011    
  0.3547920737337607044     -0.9349446917701230708      0.1003865811469767952E-02
  0.9349451580244101390      0.3547922650063996541      0.1335438754467382669E-04
 -0.3686494387605513561E-03  0.9338214488894961470E-03  0.9999994960374194441    
Прогнозируемая угловая ошибка:  NaN         "

 2455197.5      168364.0000000000000     ( 2010  1  2   22h 46m  4.000002s)
     1   121007634.0150029361       697111.9534260807559       3180747.595856825821    
         718.6913438094044295       4.140635889165139361       18.89352158169619855    
  0.1118998696689632033     -0.9937189801733818939      0.1003798407624423121E-02
  0.9937194792404987487      0.1118999392433018408      0.1324149887214872577E-04
 -0.1254833095808219605E-03  0.9960123088889767922E-03  0.9999994961065827859    
Прогнозируемая угловая ошибка:  NaN         "

 2455197.5      171800.0000000000000     ( 2010  1  2   23h 43m 19.999993s)
     1   123477057.4721737504       711339.1783403401496       3245665.736007375643    
         718.6913437178712911       4.140635888637826945       18.89352157929184273    
 -0.1379806046610499992     -0.9904344224607144476      0.1003764056808690002E-02
  0.9904349231442141077     -0.1379806611246515990      0.1311176389756996613E-04
  0.1255136858682114845E-03  0.9959721455710113247E-03  0.9999994961427727258    
Прогнозируемая угловая ошибка:  NaN         "

 2455197.5      175236.0000000000000     ( 2010  1  3    0h 40m 35.999984s)
     1   125946480.9290362597       725566.4032528235111       3310583.876149827149    
         718.6913436299264504       4.140635888131185105       18.89352157698167289    
 -0.3792440380750698448     -0.9252961428853481163      0.1003765915261111037E-02
  0.9252966138858611522     -0.3792442170462681506      0.1297391841502867882E-04
  0.3686677019633434493E-03  0.9337014837345421116E-03  0.9999994961427054463    
Прогнозируемая угловая ошибка:  NaN         "

 2455197.5      178672.0000000000000     ( 2010  1  3    1h 37m 52.000015s)
     1   128415904.3856024742       739793.6281635998748       3375502.016284495126    
         718.6913435453628836       4.140635887644021906       18.89352157476026761    
 -0.5968232654541770765     -0.8023720970898551297      0.1003804882035840050E-02
  0.8023725089595425963     -0.5968235557525981561      0.1283721483771151702E-04
  0.5887941759882512217E-03  0.8130869901837657924E-03  0.9999994961053552123    
Прогнозируемая угловая ошибка:  NaN         "

 2455197.5      182108.0000000000000     ( 2010  1  3    2h 35m  8.000006s)
     1   130885327.8418836594       754020.8530727343168       3440420.156411675736    
         718.6913434639892557       4.140635887175235119       18.89352157262260334    
 -0.7771302190421192080     -0.6293390301557804101      0.1003879539370849472E-02
  0.6293393571372930539     -0.7771306025350260827      0.1271084829355001500E-04
  0.7721460783663387306E-03  0.6416588882695022523E-03  0.9999994960320255366    
Прогнозируемая угловая ошибка:  NaN         "

 2455197.5      185544.0000000000000     ( 2010  1  3    3h 32m 23.999997s)
     1   133354751.2978904694       768248.0779802880716       3505338.296531648375    
         718.6913433856286701       4.140635886723805115       18.89352157056403314    
 -0.9089045334672349874     -0.4170030468166202597      0.1003986236812835081E-02
  0.4170032684517180344     -0.9089049862013843795      0.1260338527544372790E-04
  0.9072724466566638949E-03  0.4301208162454272415E-03  0.9999994959262682448    
Прогнозируемая угловая ошибка:  NaN         "

 2455197.5      188980.0000000000000     ( 2010  1  3    4h 29m 39.999988s)
     1   135824174.7536329627       782475.3028863191139       3570256.436644677538    
         718.6913433101165083       4.140635886288784206       18.89352156858025111    
 -0.9839167574792285764     -0.1786247633895249598      0.1004119314116135812E-02
  0.1786248657968951548     -0.9839172511762537265      0.1252223036078103146E-04
  0.9857335349628241778E-03  0.1916815100210872088E-03  0.9999994957936712003    
Прогнозируемая угловая ошибка:  NaN         "

 2455197.5      192416.0000000000000     ( 2010  1  3    5h 26m 56.000019s)
     1   138293598.2091206610       796702.5277908823919       3635174.576751012821    
         718.6913432373004298       4.140635885869294874       18.89352156666725691    
 -0.9974822947614782054      0.7090883637623762725E-01  0.1004271449324522624E-02
 -0.7090885963377988044E-01 -0.9974827985834426869      0.1247316414789542302E-04
  0.1002627953365328164E-02 -0.5876998283724137396E-04  0.9999994956415109160    
Прогнозируемая угловая ошибка:  NaN         "

 2455197.5      195852.0000000000000     ( 2010  1  3    6h 24m 12.000010s)
     1   140763021.6643626094       810929.7526940298267       3700092.716850891709    
         718.6913431670386672       4.140635885464519106       18.89352156482132372    
 -0.9487539622369398629      0.3160140981852303521      0.1004434110627949522E-02
 -0.3160142456983310866     -0.9487544447118357871      0.1245998124043053145E-04
  0.9568988566135821225E-03 -0.3055940312524018862E-03  0.9999994954783057999    
Прогнозируемая угловая ошибка:  NaN         "

 2455197.5      199288.0000000000000     ( 2010  1  3    7h 21m 28.000001s)
     1   143232445.1193673313       825156.9775958105456       3765010.856944538187    
         718.6913430991988889       4.140635885073697509       18.89352156303899122    
 -0.8407748985334840830      0.5413839310311115982      0.1004598084145341512E-02
 -0.5413841936314277570     -0.8407753295204326571      0.1248425092031009781E-04
  0.8514000580721248950E-03 -0.5333770789078917489E-03  0.9999994953132891329    
Прогнозируемая угловая ошибка:  NaN         "

 2455197.5      202724.0000000000000     ( 2010  1  3    8h 18m 43.999992s)
     1   145701868.5741429329       839384.2024962713476       3829928.997032164596    
         718.6913430336581996       4.140635884696119540       18.89352156131702642    
 -0.6802885152565106841      0.7329437403234996262      0.1004754044958600708E-02
 -0.7329441016557561861     -0.6802888678279649382      0.1254521559312074952E-04
  0.6927179289304352065E-03 -0.7278941847777579618E-03  0.9999994951558360823    
Прогнозируемая угловая ошибка:  NaN         "

 2455197.5      206160.0000000000000     ( 2010  1  3    9h 15m 59.999983s)
     1   148171292.0286971331       853611.4273954567034       3894847.137113974430    
         718.6913429703016618       4.140635884331124394       18.89352155965241664    
 -0.4773173640217320268      0.8787304047278268193      0.1004893136041572514E-02
 -0.8787308422706973099     -0.4773176161451254118      0.1263983354712355026E-04
  0.4907602022245620985E-03 -0.8769973797954440289E-03  0.9999994950148822781    
Прогнозируемая угловая ошибка:  NaN         "

 2455197.5      209596.0000000000000     ( 2010  1  3   10h 13m 16.000014s)
     1   150640715.4830372036       867838.6522934084060       3959765.277190158144    
         718.6913429090218415       4.140635883978092124       18.89352155804234101    
 -0.2445372142093759360      0.9696393870025105111      0.1005007519140091194E-02
 -0.9696398734745943493     -0.2445373501232057656      0.1276296362310167137E-04
  0.2581373478082710335E-03 -0.9713743441305609620E-03  0.9999994948983690346    
Прогнозируемая угловая ошибка:  NaN         "

 2455197.5      213032.0000000000000     ( 2010  1  3   11h 10m 32.000005s)
     1   153110138.9371701777       882065.8771901670843       4024683.417260900140    
         718.6913428497182394       4.140635883636445413       18.89352155648416698    
  0.3514551699608859867E-02  0.9999933188370344617      0.1005090863341230253E-02
 -0.9999938239001563423      0.3514540501212686831E-02  0.1290768056712699694E-04
  0.9375161782319848218E-05 -0.1005130020510382150E-02  0.9999994948127466365    
Прогнозируемая угловая ошибка:  NaN         "

 2455197.5      216468.0000000000000     ( 2010  1  3   12h  7m 47.999996s)
     1   155579562.3911026418       896293.1020857704571       4089601.557326374110    
         718.6913427922968367       4.140635883305640697       18.89352155497542185    
  0.2513468299593625277      0.9678965651171053119      0.1005138740903653571E-02
 -0.9678970572705930531      0.2513469441950980654      0.1306570173590904862E-04
 -0.2399923031872124393E-03 -0.9761548521818301126E-03  0.9999994947625717723    
Прогнозируемая угловая ошибка:  NaN         "

 2455197.5      219904.0000000000000     ( 2010  1  3   13h  5m  3.999987s)
     1   158048985.8448408842       910520.3269802551949       4154519.697386745363    
         718.6913427366694123       4.140635882985171712       18.89352155351379281    
  0.4834822214921541406      0.8753536035092841505      0.1005148905580461292E-02
 -0.8753540520569438321      0.4834824540482435817      0.1322789881838277309E-04
 -0.4743927706564395638E-03 -0.8862566213268334957E-03  0.9999994947502224285    
Прогнозируемая угловая ошибка:  NaN         "

 2455197.5      223340.0000000000000     ( 2010  1  3   14h  2m 20.000018s)
     1   160518409.2983909845       924747.5518736558734       4219437.837442171760    
         718.6913426827532021       4.140635882674560619       18.89352155209710560    
  0.6854236172429098994      0.7281438420096294495      0.1005121435966221119E-02
 -0.7281442189765909845      0.6854239536168946767      0.1338486297254767403E-04
 -0.6791882029554254180E-03 -0.7410476641632257134E-03  0.9999994947757445685    
Прогнозируемая угловая ошибка:  NaN         "

 2455197.5      226776.0000000000000     ( 2010  1  3   14h 59m 36.000009s)
     1   162987832.7517586350       938974.7767660055542       4284355.977492805570    
         718.6913426304705581       4.140635882373358889       18.89352155072331740    
  0.8445595496497574350      0.5354606959920947817      0.1005058734724836823E-02
 -0.5354609778718357749      0.8445599688557019480      0.1352748835351726361E-04
 -0.8415889353685649310E-03 -0.5495945023861219985E-03  0.9999994948368459147    
Прогнозируемая угловая ошибка:  NaN         "

 2455197.5      230212.0000000000000     ( 2010  1  3   15h 56m 52.000000s)
     1   165457256.2049493790       953202.0016573359026       4349274.117538789287    
         718.6913425797481523       4.140635882081147301       18.89352154939051687    
  0.9509518068137824409      0.3093374389920820478      0.1004965383490089102E-02
 -0.3093376082145097850      0.9509522826923920702      0.1364753785605941374E-04
 -0.9514524310477714616E-03 -0.3238517388500529166E-03  0.9999994949290337276    
Прогнозируемая угловая ошибка:  NaN         "

 2455197.5      233648.0000000000000     ( 2010  1  3   16h 54m  7.999991s)
     1   167926679.6579683721       967429.2265476770699       4414192.257580261678    
         718.6913425305173178       4.140635881797527063       18.89352154809688855    
  0.9979560749508793460      0.6389571777050781498E-01  0.1004847862204056750E-02
 -0.6389576379942442375E-01  0.9979565778027374989      0.1373815587405287841E-04
 -0.1001916724447141863E-02 -0.7791559777087389918E-04  0.9999994950458910292    
Прогнозируемая угловая ошибка:  NaN         "

 2455197.5      237084.0000000000000     ( 2010  1  3   17h 51m 23.999982s)
     1   170396103.1108207107       981656.4514370578108       4479110.397617354989    
         718.6913424827131394       4.140635881522126027       18.89352154684073426    
  0.9826368856827218945     -0.1855363615177320347      0.1004714150082561481E-02
  0.1855364415263420774      0.9826373841226782035      0.1379429616266569130E-04
 -0.9898290277478795276E-03  0.1728563039360537742E-03  0.9999994951794696219    
Прогнозируемая угловая ошибка:  NaN         "

 2455197.5      240520.0000000000000     ( 2010  1  3   18h 48m 40.000014s)
     1   172865526.5635111332       995883.6763255060650       4544028.537650193088    
         718.6913424362745673       4.140635881254592476       18.89352154562044817    
  0.9059509380318760963     -0.4233814931144065374      0.1004573232781644579E-02
  0.4233816941343969131      0.9059514009487970032      0.1381303807767943359E-04
 -0.9159427122799876971E-03  0.4128039823735731658E-03  0.9999994953207826942    
Прогнозируемая угловая ошибка:  NaN         "

 2455197.5      243956.0000000000000     ( 2010  1  3   19h 45m 56.000005s)
     1   175334950.0160442591       1010110.901213048026       4608946.677678897977    
         718.6913423911438485       4.140635880994592455       18.89352154443451681    
  0.7726873557834775808     -0.6347859807238813712      0.1004434546218084447E-02
  0.6347862901724051765      0.7726877542829874157      0.1379377135373612978E-04
 -0.7848703665182236609E-03  0.6269430066011108570E-03  0.9999994954603597108    
Прогнозируемая угловая ошибка:  NaN         "

 2455197.5      247392.0000000000000     ( 2010  1  3   20h 43m 11.999996s)
     1   177804373.4684244990       1024338.126099709189       4673864.817703585140    
         718.6913423472665272       4.140635880741813324       18.89352154328151201    
  0.5911685960640731263     -0.8065473838493907310      0.1004307391450353975E-02
  0.8065477823722680961      0.5911689052729659499      0.1373823772052198115E-04
 -0.6047958408533676052E-03  0.8019002846887793084E-03  0.9999994955888349413    
Прогнозируемая угловая ошибка:  NaN         "

 2455197.5      250828.0000000000000     ( 2010  1  3   21h 40m 27.999987s)
     1   180273796.9206560552       1038565.350985513767       4738782.957724364474    
